/*--------------------------------*- C++ -*----------------------------------*\
| =========                 |                                                 |
| \\      /  F ield         | OpenFOAM: The Open Source CFD Toolbox           |
|  \\    /   O peration     | Version:  2212                                  |
|   \\  /    A nd           | Website:  www.openfoam.com                      |
|    \\/     M anipulation  |                                                 |
\*---------------------------------------------------------------------------*/
FoamFile
{
    version     2.0;
    format      ascii;
    arch        "LSB;label=32;scalar=64";
    class       volScalarField;
    location    "0";
    object      thickness;
}
// * * * * * * * * * * * * * * * * * * * * * * * * * * * * * * * * * * * * * //

dimensions      [0 0 0 0 0 0 0];

internalField   uniform 0;

boundaryField
{
    wall1
    {
        type            fixedValue;
        value           uniform 0;
    }
    outlet1
    {
        type            fixedValue;
        value           uniform 0;
    }
    inlet1
    {
        type            fixedValue;
        value           uniform 0;
    }
    sphere1
    {
        type            fixedValue;
        value           nonuniform List<scalar> 
416
(
0.277991
0.277991
0.277991
0.277991
0.277991
0.277991
0.277991
0.277991
0.277991
0.277991
0.277991
0.277991
0.277991
0.277991
0.277991
0.277991
0.277991
0.277991
0.277991
0.277991
0.277991
0.277991
0.277991
0.277991
0.277991
0.277991
0.277991
0.277991
0.277991
0.277991
0.277991
0.277991
0.277991
0.277991
0.277991
0.277991
0.277991
0.277991
0.277991
0.277991
0.277991
0.277991
0.277991
0.277991
0.277991
0.277991
0.277991
0.277991
0.277991
0.277991
0.277991
0.277991
0.277991
0.277991
0.277991
0.277991
0.277991
0.277991
0.277991
0.277991
0.277991
0.277991
0.277991
0.277991
0.277991
0.277991
0.277991
0.277991
0.277991
0.277991
0.277991
0.277991
0.277991
0.277991
0.277991
0.277991
0.277991
0.277991
0.277991
0.277991
0.277991
0.277991
0.277991
0.277991
0.277991
0.277991
0.277991
0.277991
0.277991
0.277991
0.277991
0.277991
0.277991
0.277991
0.277991
0.277991
0.277991
0.277991
0.277991
0.277991
0.277991
0.277991
0.277991
0.277991
0.277991
0.277991
0.277991
0.277991
0.277991
0.277991
0.277991
0.277991
0.277991
0.277991
0.277991
0.277991
0.277991
0.277991
0.277991
0.277991
0.277991
0.277991
0.277991
0.277991
0.277991
0.277991
0.277991
0.277991
0.277991
0.277991
0.277991
0.277991
0.277991
0.277991
0.277991
0.277991
0.277991
0.277991
0.277991
0.277991
0.277991
0.277991
0.277991
0.277991
0.277991
0.277991
0.277991
0.277991
0.277991
0.277991
0.277991
0.277991
0.277991
0.277991
0.277991
0.277991
0.277991
0.277991
0.277991
0.277991
0.277991
0.277991
0.277991
0.277991
0.277991
0.277991
0.277991
0.277991
0.277991
0.277991
0.277991
0.277991
0.277991
0.277991
0.277991
0.277991
0.277991
0.277991
0.277991
0.277991
0.277991
0.277991
0.277991
0.277991
0.277991
0.277991
0.277991
0.277991
0.277991
0.277991
0.277991
0.277991
0.277991
0.277991
0.277991
0.277991
0.277991
0.277991
0.277991
0.277991
0.277991
0.277991
0.277991
0.277991
0.277991
0.277991
0.277991
0.277991
0.277991
0.277991
0.277991
0.277991
0.277991
0.277991
0.277991
0.277991
0.277991
0.277991
0.277991
0.277991
0.277991
0.277991
0.277991
0.277991
0.277991
0.277991
0.277991
0.277991
0.277991
0.277991
0.277991
0.277991
0.277991
0.277991
0.277991
0.277991
0.277991
0.277991
0.277991
0.277991
0.277991
0.277991
0.277991
0.277991
0.277991
0.277991
0.277991
0.277991
0.277991
0.277991
0.277991
0.277991
0.277991
0.277991
0.277991
0.277991
0.277991
0.277991
0.277991
0.277991
0.277991
0.277991
0.277991
0.277991
0.277991
0.277991
0.277991
0.277991
0.277991
0.277991
0.277991
0.277991
0.277991
0.277991
0.277991
0.277991
0.277991
0.277991
0.277991
0.277991
0.277991
0.277991
0.277991
0.277991
0.277991
0.277991
0.277991
0.277991
0.277991
0.277991
0.277991
0.277991
0.277991
0.277991
0.277991
0.277991
0.277991
0.277991
0.277991
0.277991
0.277991
0.277991
0.277991
0.277991
0.277991
0.277991
0.277991
0.277991
0.277991
0.277991
0.277991
0.277991
0.277991
0.277991
0.277991
0.277991
0.277991
0.277991
0.277991
0.277991
0.277991
0.277991
0.277991
0.277991
0.277991
0.277991
0.277991
0.277991
0.277991
0.277991
0.277991
0.277991
0.277991
0.277991
0.277991
0.277991
0.277991
0.277991
0.277991
0.277991
0.277991
0.277991
0.277991
0.277991
0.277991
0.277991
0.277991
0.277991
0.277991
0.277991
0.277991
0.277991
0.277991
0.277991
0.277991
0.277991
0.277991
0.277991
0.277991
0.277991
0.277991
0.277991
0.277991
0.277991
0.277991
0.277991
0.277991
0.277991
0.277991
0.277991
0.277991
0.277991
0.277991
0.277991
0.277991
0.277991
0.277991
0.277991
0.277991
0.277991
0.277991
0.277991
0.277991
0.277991
0.277991
0.277991
0.277991
0.277991
0.277991
0.277991
0.277991
0.277991
0.277991
0.277991
0.277991
0.277991
0.277991
0.277991
0.277991
0.277991
0.277991
0.277991
0.277991
0.277991
0.277991
0.277991
0.277991
0.277991
0.277991
0.277991
0.277991
0.277991
0.277991
0.277991
0.277991
0.277991
)
;
    }
}


// ************************************************************************* //
