# Force and moment coefficients
# dragDir     : (1.000000e+00 0.000000e+00 0.000000e+00)
# sideDir     : (0.000000e+00 1.000000e+00 0.000000e+00)
# liftDir     : (0.000000e+00 0.000000e+00 1.000000e+00)
# rollAxis    : (1.000000e+00 0.000000e+00 0.000000e+00)
# pitchAxis   : (0.000000e+00 1.000000e+00 0.000000e+00)
# yawAxis     : (0.000000e+00 0.000000e+00 1.000000e+00)
# magUInf     : 1.480000e-05
# lRef        : 1.000000e+00
# Aref        : 7.850000e-01
# CofR        : (0.000000e+00 0.000000e+00 0.000000e+00)
#
# Time        	Cd            	Cd(f)         	Cd(r)         	Cl            	Cl(f)         	Cl(r)         	CmPitch       	CmRoll        	CmYaw         	Cs            	Cs(f)         	Cs(r)         
150           	2.276890e+02	1.138445e+02	1.138445e+02	5.524186e-02	2.769695e-02	2.754492e-02	7.601459e-05	-2.563758e-05	5.646323e-05	1.440022e-02	7.256571e-03	7.143645e-03
300           	1.567808e+02	7.839045e+01	7.839040e+01	-1.948167e-02	-9.708962e-03	-9.772710e-03	3.187400e-05	2.312747e-05	1.991439e-04	-1.629515e-02	-7.948432e-03	-8.346720e-03
450           	1.277910e+02	6.389562e+01	6.389543e+01	-9.103691e-03	-4.377340e-03	-4.726351e-03	1.745055e-04	9.182020e-05	2.694960e-04	-4.880671e-03	-2.170839e-03	-2.709831e-03
600           	1.107827e+02	5.539150e+01	5.539121e+01	-8.119425e-03	-3.746602e-03	-4.372823e-03	3.131105e-04	1.433892e-04	3.416457e-04	-5.107451e-03	-2.212080e-03	-2.895371e-03
750           	1.001122e+02	5.005627e+01	5.005589e+01	-8.087286e-03	-3.553848e-03	-4.533438e-03	4.897952e-04	1.909686e-04	3.775307e-04	-3.746958e-03	-1.495948e-03	-2.251010e-03
900           	9.264590e+01	4.632318e+01	4.632272e+01	-7.051371e-03	-2.844569e-03	-4.206802e-03	6.811162e-04	2.281745e-04	3.914021e-04	-3.652526e-03	-1.434861e-03	-2.217665e-03
1050          	8.713048e+01	4.356550e+01	4.356498e+01	-4.461266e-03	-1.356620e-03	-3.104645e-03	8.740125e-04	2.573180e-04	3.854204e-04	-2.553534e-03	-8.913467e-04	-1.662188e-03
1200          	8.285353e+01	4.142704e+01	4.142648e+01	-3.327128e-03	-6.034844e-04	-2.723644e-03	1.060080e-03	2.792693e-04	3.673938e-04	-2.339219e-03	-8.022154e-04	-1.537003e-03
1350          	7.942780e+01	3.971419e+01	3.971360e+01	-2.150204e-03	1.417764e-04	-2.291980e-03	1.216878e-03	2.962795e-04	3.514187e-04	-1.870807e-03	-5.839847e-04	-1.286822e-03
1500          	7.659673e+01	3.829867e+01	3.829806e+01	-1.507483e-03	6.171798e-04	-2.124663e-03	1.370921e-03	3.086556e-04	3.251760e-04	-2.084071e-03	-7.168594e-04	-1.367211e-03
1650          	7.420287e+01	3.710175e+01	3.710112e+01	-9.631283e-04	1.032602e-03	-1.995730e-03	1.514166e-03	3.163601e-04	2.923361e-04	-1.695708e-03	-5.555179e-04	-1.140190e-03
1800          	7.214289e+01	3.607177e+01	3.607112e+01	-1.860895e-04	1.552272e-03	-1.738362e-03	1.645317e-03	3.212839e-04	2.582754e-04	-1.668163e-03	-5.758063e-04	-1.092357e-03
1950          	7.034488e+01	3.517277e+01	3.517212e+01	5.927600e-04	2.060091e-03	-1.467331e-03	1.763711e-03	3.239968e-04	2.238768e-04	-1.420259e-03	-4.862529e-04	-9.340066e-04
2100          	6.875680e+01	3.437873e+01	3.437808e+01	1.431227e-03	2.585913e-03	-1.154686e-03	1.870299e-03	3.253188e-04	1.910268e-04	-1.366603e-03	-4.922745e-04	-8.743280e-04
2250          	6.734111e+01	3.367088e+01	3.367023e+01	2.240093e-03	3.085524e-03	-8.454310e-04	1.965477e-03	3.261504e-04	1.587741e-04	-1.325917e-03	-5.041842e-04	-8.217324e-04
2400          	6.606807e+01	3.303436e+01	3.303371e+01	2.863234e-03	3.482079e-03	-6.188450e-04	2.050462e-03	3.266405e-04	1.281453e-04	-1.276452e-03	-5.100807e-04	-7.663713e-04
2550          	6.491569e+01	3.245817e+01	3.245752e+01	3.420759e-03	3.836693e-03	-4.159347e-04	2.126314e-03	3.267371e-04	9.914828e-05	-1.143349e-03	-4.725265e-04	-6.708230e-04
2700          	6.386583e+01	3.193324e+01	3.193259e+01	3.878756e-03	4.133410e-03	-2.546535e-04	2.194032e-03	3.267992e-04	7.177796e-05	-1.053476e-03	-4.549600e-04	-5.985159e-04
2850          	6.290399e+01	3.145232e+01	3.145167e+01	4.289339e-03	4.399170e-03	-1.098311e-04	2.254501e-03	3.267145e-04	4.604744e-05	-1.007222e-03	-4.575635e-04	-5.496584e-04
3000          	6.201871e+01	3.100968e+01	3.100903e+01	4.703712e-03	4.660464e-03	4.324854e-05	2.308608e-03	3.265946e-04	2.194736e-05	-9.976271e-04	-4.768662e-04	-5.207609e-04
3150          	6.120044e+01	3.060054e+01	3.059989e+01	5.078470e-03	4.896245e-03	1.822252e-04	2.357010e-03	3.263975e-04	-5.488267e-07	-1.036215e-03	-5.186561e-04	-5.175585e-04
3300          	6.044145e+01	3.022105e+01	3.022040e+01	5.434918e-03	5.117905e-03	3.170130e-04	2.400446e-03	3.262564e-04	-2.146998e-05	-9.510055e-04	-4.969727e-04	-4.540328e-04
3450          	5.973440e+01	2.986753e+01	2.986687e+01	5.719199e-03	5.299415e-03	4.197843e-04	2.439815e-03	3.259485e-04	-4.160705e-05	-9.677422e-04	-5.254782e-04	-4.422641e-04
3600          	5.907491e+01	2.953778e+01	2.953713e+01	6.001804e-03	5.475926e-03	5.258774e-04	2.475024e-03	3.257395e-04	-6.016094e-05	-1.012362e-03	-5.663418e-04	-4.460199e-04
3750          	5.845718e+01	2.922891e+01	2.922826e+01	6.350740e-03	5.682171e-03	6.685695e-04	2.506801e-03	3.255179e-04	-7.737995e-05	-1.055899e-03	-6.053294e-04	-4.505695e-04
3900          	5.787689e+01	2.893877e+01	2.893812e+01	6.530601e-03	5.800782e-03	7.298194e-04	2.535481e-03	3.253556e-04	-9.349195e-05	-9.722007e-04	-5.795923e-04	-3.926084e-04
4050          	5.733071e+01	2.866568e+01	2.866503e+01	6.773441e-03	5.948260e-03	8.251808e-04	2.561540e-03	3.252476e-04	-1.085243e-04	-9.776382e-04	-5.973434e-04	-3.802948e-04
4200          	5.681544e+01	2.840804e+01	2.840739e+01	7.111548e-03	6.140975e-03	9.705727e-04	2.585201e-03	3.251397e-04	-1.226817e-04	-8.379509e-04	-5.416571e-04	-2.962938e-04
4350          	5.632850e+01	2.816457e+01	2.816392e+01	7.264174e-03	6.238863e-03	1.025310e-03	2.606776e-03	3.250774e-04	-1.359930e-04	-9.007099e-04	-5.863479e-04	-3.143619e-04
4500          	5.586696e+01	2.793380e+01	2.793315e+01	7.625874e-03	6.439343e-03	1.186531e-03	2.626406e-03	3.250342e-04	-1.485525e-04	-8.193775e-04	-5.582412e-04	-2.611362e-04
4650          	5.542905e+01	2.771485e+01	2.771420e+01	7.640467e-03	6.457956e-03	1.182511e-03	2.637722e-03	3.249986e-04	-1.556660e-04	-8.839159e-04	-5.976239e-04	-2.862920e-04
4800          	5.501876e+01	2.750970e+01	2.750905e+01	7.805350e-03	6.553808e-03	1.251543e-03	2.651133e-03	3.249604e-04	-1.649147e-04	-8.936240e-04	-6.117266e-04	-2.818973e-04
4950          	5.462720e+01	2.731392e+01	2.731327e+01	7.980059e-03	6.655129e-03	1.324930e-03	2.665100e-03	3.249267e-04	-1.750259e-04	-8.090071e-04	-5.795295e-04	-2.294777e-04
5100          	5.425418e+01	2.712742e+01	2.712677e+01	8.103678e-03	6.730667e-03	1.373011e-03	2.678828e-03	3.249001e-04	-1.854786e-04	-8.112223e-04	-5.910897e-04	-2.201325e-04
5250          	5.389776e+01	2.694920e+01	2.694855e+01	8.155993e-03	6.769963e-03	1.386030e-03	2.691967e-03	3.247864e-04	-1.958960e-04	-9.619203e-04	-6.768562e-04	-2.850641e-04
5400          	5.355690e+01	2.677877e+01	2.677812e+01	8.389234e-03	6.899043e-03	1.490191e-03	2.704426e-03	3.247148e-04	-2.061039e-04	-9.352442e-04	-6.737260e-04	-2.615182e-04
5550          	5.323062e+01	2.661564e+01	2.661499e+01	8.463989e-03	6.948160e-03	1.515829e-03	2.716165e-03	3.245867e-04	-2.160998e-04	-8.840599e-04	-6.581297e-04	-2.259302e-04
5700          	5.291775e+01	2.645920e+01	2.645855e+01	8.611749e-03	7.032917e-03	1.578832e-03	2.727042e-03	3.245135e-04	-2.256489e-04	-7.874004e-04	-6.193491e-04	-1.680513e-04
5850          	5.261772e+01	2.630919e+01	2.630854e+01	8.690064e-03	7.082223e-03	1.607841e-03	2.737191e-03	3.243927e-04	-2.349287e-04	-7.388213e-04	-6.043393e-04	-1.344820e-04
6000          	5.232941e+01	2.616503e+01	2.616438e+01	8.636254e-03	7.064836e-03	1.571418e-03	2.746709e-03	3.242953e-04	-2.438994e-04	-7.698410e-04	-6.288199e-04	-1.410211e-04
6150          	5.205224e+01	2.602644e+01	2.602579e+01	8.880233e-03	7.195739e-03	1.684494e-03	2.755622e-03	3.241944e-04	-2.524990e-04	-8.199918e-04	-6.624949e-04	-1.574969e-04
6300          	5.178544e+01	2.589304e+01	2.589240e+01	8.863746e-03	7.195900e-03	1.667846e-03	2.764027e-03	3.240568e-04	-2.607407e-04	-8.234409e-04	-6.724611e-04	-1.509798e-04
6450          	5.152869e+01	2.576467e+01	2.576402e+01	8.967434e-03	7.255485e-03	1.711949e-03	2.771768e-03	3.239412e-04	-2.687586e-04	-8.215024e-04	-6.795098e-04	-1.419925e-04
6600          	5.128128e+01	2.564096e+01	2.564032e+01	9.120469e-03	7.339295e-03	1.781174e-03	2.779060e-03	3.238055e-04	-2.764725e-04	-7.715605e-04	-6.622527e-04	-1.093078e-04
6750          	5.104265e+01	2.552165e+01	2.552100e+01	9.180634e-03	7.376203e-03	1.804432e-03	2.785885e-03	3.236596e-04	-2.839696e-04	-7.306033e-04	-6.492713e-04	-8.133204e-05
6900          	5.081237e+01	2.540651e+01	2.540586e+01	9.298873e-03	7.441694e-03	1.857179e-03	2.792257e-03	3.235144e-04	-2.911193e-04	-6.416886e-04	-6.119636e-04	-2.972501e-05
7050          	5.058987e+01	2.529526e+01	2.529461e+01	9.447140e-03	7.521823e-03	1.925317e-03	2.798253e-03	3.233668e-04	-2.980761e-04	-6.493787e-04	-6.227654e-04	-2.661327e-05
7200          	5.037475e+01	2.518770e+01	2.518705e+01	9.409741e-03	7.508704e-03	1.901037e-03	2.803834e-03	3.232059e-04	-3.048780e-04	-7.378135e-04	-6.737847e-04	-6.402877e-05
7350          	5.016686e+01	2.508375e+01	2.508311e+01	9.388027e-03	7.503102e-03	1.884925e-03	2.809088e-03	3.230664e-04	-3.114765e-04	-7.935332e-04	-7.082431e-04	-8.529016e-05
7500          	4.996571e+01	2.498318e+01	2.498253e+01	9.611690e-03	7.619866e-03	1.991824e-03	2.814021e-03	3.229112e-04	-3.178714e-04	-7.506013e-04	-6.931721e-04	-5.742926e-05
7650          	4.977084e+01	2.488574e+01	2.488510e+01	9.655741e-03	7.646627e-03	2.009114e-03	2.818756e-03	3.227743e-04	-3.240876e-04	-7.671964e-04	-7.076858e-04	-5.951062e-05
7800          	4.958219e+01	2.479142e+01	2.479077e+01	9.646514e-03	7.646430e-03	2.000083e-03	2.823174e-03	3.226494e-04	-3.301526e-04	-7.315467e-04	-6.959260e-04	-3.562071e-05
7950          	4.939884e+01	2.469974e+01	2.469910e+01	9.879728e-03	7.767252e-03	2.112476e-03	2.827388e-03	3.225563e-04	-3.360508e-04	-7.331371e-04	-7.026193e-04	-3.051770e-05
8100          	4.922149e+01	2.461107e+01	2.461042e+01	9.836641e-03	7.749628e-03	2.087013e-03	2.831307e-03	3.224737e-04	-3.417645e-04	-6.516539e-04	-6.675914e-04	1.593754e-05
8250          	4.904934e+01	2.452499e+01	2.452435e+01	9.835552e-03	7.752904e-03	2.082648e-03	2.835128e-03	3.223877e-04	-3.474630e-04	-7.050734e-04	-6.999997e-04	-5.073712e-06
8400          	4.888214e+01	2.444139e+01	2.444075e+01	9.855593e-03	7.766441e-03	2.089152e-03	2.838645e-03	3.223542e-04	-3.529973e-04	-6.929453e-04	-6.994699e-04	6.524663e-06
8550          	4.872029e+01	2.436047e+01	2.435982e+01	9.975222e-03	7.829622e-03	2.145601e-03	2.842011e-03	3.225125e-04	-3.589534e-04	-6.436913e-04	-6.807990e-04	3.710773e-05
8700          	4.856355e+01	2.428210e+01	2.428145e+01	1.002463e-02	7.858145e-03	2.166488e-03	2.845828e-03	3.223406e-04	-3.646617e-04	-5.994439e-04	-6.643837e-04	6.493979e-05
8850          	4.841101e+01	2.420583e+01	2.420518e+01	1.005178e-02	7.875161e-03	2.176621e-03	2.849270e-03	3.222085e-04	-3.702254e-04	-5.795139e-04	-6.599823e-04	8.046848e-05
9000          	4.826209e+01	2.413137e+01	2.413072e+01	1.013498e-02	7.919990e-03	2.214993e-03	2.852498e-03	3.220911e-04	-3.756934e-04	-6.375301e-04	-6.944585e-04	5.692838e-05
9150          	4.811720e+01	2.405892e+01	2.405828e+01	1.014005e-02	7.925569e-03	2.214485e-03	2.855542e-03	3.220009e-04	-3.810584e-04	-6.374277e-04	-6.997722e-04	6.234457e-05
9300          	4.797620e+01	2.398842e+01	2.398778e+01	1.015967e-02	7.938257e-03	2.221415e-03	2.858421e-03	3.219159e-04	-3.863602e-04	-6.316087e-04	-7.021645e-04	7.055579e-05
9450          	4.783875e+01	2.391970e+01	2.391905e+01	1.024150e-02	7.981918e-03	2.259583e-03	2.861168e-03	3.218495e-04	-3.915610e-04	-6.017376e-04	-6.924298e-04	9.069223e-05
9600          	4.770481e+01	2.385273e+01	2.385208e+01	1.030147e-02	8.014500e-03	2.286975e-03	2.863762e-03	3.217718e-04	-3.967124e-04	-6.198283e-04	-7.066265e-04	8.679820e-05
9750          	4.757433e+01	2.378749e+01	2.378684e+01	1.032346e-02	8.027939e-03	2.295519e-03	2.866210e-03	3.217136e-04	-4.017745e-04	-5.892876e-04	-6.964183e-04	1.071308e-04
9900          	4.744714e+01	2.372389e+01	2.372325e+01	1.037575e-02	8.056422e-03	2.319332e-03	2.868545e-03	3.216652e-04	-4.067710e-04	-6.056959e-04	-7.096190e-04	1.039231e-04
10050         	4.732310e+01	2.366187e+01	2.366123e+01	1.037014e-02	8.055869e-03	2.314275e-03	2.870797e-03	3.216175e-04	-4.117011e-04	-5.950918e-04	-7.092470e-04	1.141552e-04
10200         	4.720205e+01	2.360135e+01	2.360070e+01	1.039033e-02	8.068114e-03	2.322215e-03	2.872950e-03	3.215879e-04	-4.165925e-04	-5.786325e-04	-7.059087e-04	1.272762e-04
10350         	4.708398e+01	2.354231e+01	2.354167e+01	1.040335e-02	8.076712e-03	2.326642e-03	2.875035e-03	3.215473e-04	-4.214580e-04	-5.395186e-04	-6.912173e-04	1.516988e-04
10500         	4.696868e+01	2.348466e+01	2.348402e+01	1.039015e-02	8.072119e-03	2.318031e-03	2.877044e-03	3.214918e-04	-4.262645e-04	-5.794888e-04	-7.160089e-04	1.365201e-04
10650         	4.685609e+01	2.342837e+01	2.342772e+01	1.045122e-02	8.104633e-03	2.346586e-03	2.879024e-03	3.213991e-04	-4.310499e-04	-5.504422e-04	-7.062710e-04	1.558288e-04
10800         	4.674625e+01	2.337344e+01	2.337280e+01	1.045085e-02	8.106374e-03	2.344477e-03	2.880949e-03	3.212709e-04	-4.357775e-04	-5.478407e-04	-7.096978e-04	1.618571e-04
10950         	4.663885e+01	2.331974e+01	2.331910e+01	1.048931e-02	8.127513e-03	2.361801e-03	2.882856e-03	3.211143e-04	-4.404785e-04	-5.624942e-04	-7.217256e-04	1.592314e-04
11100         	4.653387e+01	2.326726e+01	2.326661e+01	1.056145e-02	8.165424e-03	2.396031e-03	2.884697e-03	3.209396e-04	-4.451309e-04	-5.693466e-04	-7.298042e-04	1.604577e-04
11250         	4.643134e+01	2.321599e+01	2.321535e+01	1.057380e-02	8.173405e-03	2.400398e-03	2.886503e-03	3.207461e-04	-4.497531e-04	-5.708462e-04	-7.351762e-04	1.643300e-04
11400         	4.633102e+01	2.316583e+01	2.316519e+01	1.066098e-02	8.218773e-03	2.442202e-03	2.888286e-03	3.205483e-04	-4.543516e-04	-5.445151e-04	-7.266091e-04	1.820940e-04
11550         	4.623299e+01	2.311681e+01	2.311617e+01	1.066841e-02	8.224228e-03	2.444184e-03	2.890022e-03	3.203526e-04	-4.588870e-04	-5.135914e-04	-7.156827e-04	2.020913e-04
11700         	4.613702e+01	2.306883e+01	2.306819e+01	1.068689e-02	8.235186e-03	2.451706e-03	2.891740e-03	3.201598e-04	-4.633850e-04	-5.327388e-04	-7.297544e-04	1.970156e-04
11850         	4.604311e+01	2.302188e+01	2.302124e+01	1.068488e-02	8.235830e-03	2.449046e-03	2.893392e-03	3.199783e-04	-4.678863e-04	-5.387523e-04	-7.372625e-04	1.985102e-04
12000         	4.595133e+01	2.297599e+01	2.297535e+01	1.071838e-02	8.254228e-03	2.464148e-03	2.895040e-03	3.198009e-04	-4.723530e-04	-5.117498e-04	-7.282278e-04	2.164781e-04
12150         	4.586140e+01	2.293102e+01	2.293038e+01	1.073544e-02	8.264391e-03	2.471050e-03	2.896671e-03	3.196322e-04	-4.767804e-04	-4.735195e-04	-7.135401e-04	2.400206e-04
12300         	4.577336e+01	2.288700e+01	2.288636e+01	1.075007e-02	8.273309e-03	2.476764e-03	2.898273e-03	3.194752e-04	-4.811438e-04	-4.705556e-04	-7.164216e-04	2.458661e-04
12450         	4.568714e+01	2.284389e+01	2.284325e+01	1.072474e-02	8.262244e-03	2.462492e-03	2.899876e-03	3.193111e-04	-4.854824e-04	-4.704395e-04	-7.207022e-04	2.502627e-04
12600         	4.560273e+01	2.280168e+01	2.280104e+01	1.076790e-02	8.285403e-03	2.482499e-03	2.901452e-03	3.191179e-04	-4.897735e-04	-4.821399e-04	-7.308435e-04	2.487036e-04
12750         	4.552001e+01	2.276032e+01	2.275968e+01	1.079393e-02	8.299983e-03	2.493951e-03	2.903016e-03	3.189041e-04	-4.940190e-04	-4.833971e-04	-7.357176e-04	2.523204e-04
12900         	4.543896e+01	2.271980e+01	2.271916e+01	1.081050e-02	8.309809e-03	2.500689e-03	2.904560e-03	3.186517e-04	-4.982303e-04	-5.051542e-04	-7.508074e-04	2.456532e-04
13050         	4.535947e+01	2.268005e+01	2.267942e+01	1.080802e-02	8.310087e-03	2.497933e-03	2.906077e-03	3.183798e-04	-5.023959e-04	-4.660512e-04	-7.354214e-04	2.693703e-04
13200         	4.528152e+01	2.264108e+01	2.264044e+01	1.080469e-02	8.309928e-03	2.494764e-03	2.907582e-03	3.181060e-04	-5.065489e-04	-4.291140e-04	-7.211059e-04	2.919919e-04
13350         	4.520514e+01	2.260289e+01	2.260225e+01	1.085460e-02	8.336354e-03	2.518243e-03	2.909056e-03	3.178624e-04	-5.106476e-04	-4.193312e-04	-7.203132e-04	3.009820e-04
13500         	4.513026e+01	2.256545e+01	2.256481e+01	1.088471e-02	8.352864e-03	2.531845e-03	2.910510e-03	3.176573e-04	-5.147177e-04	-4.019394e-04	-7.156873e-04	3.137480e-04
13650         	4.505673e+01	2.252868e+01	2.252805e+01	1.086963e-02	8.346773e-03	2.522860e-03	2.911956e-03	3.174705e-04	-5.187592e-04	-4.065629e-04	-7.220407e-04	3.154778e-04
13800         	4.498462e+01	2.249263e+01	2.249199e+01	1.087637e-02	8.351568e-03	2.524800e-03	2.913384e-03	3.173066e-04	-5.227626e-04	-4.403606e-04	-7.429429e-04	3.025823e-04
13950         	4.491387e+01	2.245725e+01	2.245662e+01	1.090194e-02	8.365759e-03	2.536183e-03	2.914788e-03	3.171478e-04	-5.267455e-04	-4.453367e-04	-7.494139e-04	3.040772e-04
14100         	4.484444e+01	2.242254e+01	2.242190e+01	1.091963e-02	8.375985e-03	2.543641e-03	2.916172e-03	3.169961e-04	-5.306995e-04	-4.205888e-04	-7.409939e-04	3.204051e-04
14250         	4.477632e+01	2.238848e+01	2.238784e+01	1.094362e-02	8.389369e-03	2.554255e-03	2.917557e-03	3.168542e-04	-5.346362e-04	-4.188336e-04	-7.440530e-04	3.252194e-04
14400         	4.470944e+01	2.235504e+01	2.235440e+01	1.094696e-02	8.392400e-03	2.554560e-03	2.918920e-03	3.167185e-04	-5.385474e-04	-4.352310e-04	-7.561629e-04	3.209319e-04
14550         	4.464383e+01	2.232223e+01	2.232160e+01	1.096719e-02	8.403868e-03	2.563324e-03	2.920272e-03	3.165908e-04	-5.424385e-04	-4.050119e-04	-7.449445e-04	3.399326e-04
14700         	4.457940e+01	2.229002e+01	2.228938e+01	1.096017e-02	8.401699e-03	2.558468e-03	2.921616e-03	3.164890e-04	-5.462998e-04	-4.034062e-04	-7.480029e-04	3.445967e-04
14850         	4.451609e+01	2.225836e+01	2.225773e+01	1.097748e-02	8.411692e-03	2.565786e-03	2.922953e-03	3.164036e-04	-5.501344e-04	-3.922439e-04	-7.462563e-04	3.540124e-04
15000         	4.445389e+01	2.222726e+01	2.222663e+01	1.098185e-02	8.415197e-03	2.566650e-03	2.924273e-03	3.163240e-04	-5.539416e-04	-4.045814e-04	-7.562323e-04	3.516509e-04
15150         	4.439280e+01	2.219672e+01	2.219609e+01	1.100204e-02	8.426616e-03	2.575425e-03	2.925596e-03	3.162464e-04	-5.577090e-04	-3.909752e-04	-7.531966e-04	3.622214e-04
15300         	4.433281e+01	2.216672e+01	2.216609e+01	1.103145e-02	8.442624e-03	2.588828e-03	2.926898e-03	3.161604e-04	-5.614481e-04	-3.932761e-04	-7.580861e-04	3.648101e-04
15450         	4.427388e+01	2.213726e+01	2.213663e+01	1.105568e-02	8.456047e-03	2.599629e-03	2.928209e-03	3.160852e-04	-5.651384e-04	-3.635749e-04	-7.469258e-04	3.833509e-04
15600         	4.421596e+01	2.210830e+01	2.210766e+01	1.106981e-02	8.464411e-03	2.605398e-03	2.929506e-03	3.160428e-04	-5.687916e-04	-3.423601e-04	-7.399716e-04	3.976115e-04
15750         	4.415898e+01	2.207980e+01	2.207917e+01	1.109667e-02	8.479149e-03	2.617518e-03	2.930815e-03	3.160375e-04	-5.723943e-04	-3.642044e-04	-7.544965e-04	3.902921e-04
15900         	4.410294e+01	2.205178e+01	2.205115e+01	1.109611e-02	8.480172e-03	2.615936e-03	2.932118e-03	3.160514e-04	-5.759737e-04	-3.827535e-04	-7.673505e-04	3.845969e-04
16050         	4.404784e+01	2.202423e+01	2.202360e+01	1.109699e-02	8.481905e-03	2.615085e-03	2.933410e-03	3.160467e-04	-5.795166e-04	-3.863809e-04	-7.727071e-04	3.863262e-04
16200         	4.399367e+01	2.199715e+01	2.199652e+01	1.111319e-02	8.491301e-03	2.621885e-03	2.934708e-03	3.159960e-04	-5.830342e-04	-3.769246e-04	-7.714965e-04	3.945719e-04
16350         	4.394044e+01	2.197054e+01	2.196991e+01	1.110538e-02	8.488703e-03	2.616681e-03	2.936011e-03	3.158994e-04	-5.865268e-04	-3.738736e-04	-7.734636e-04	3.995900e-04
16500         	4.388810e+01	2.194436e+01	2.194373e+01	1.109677e-02	8.485692e-03	2.611076e-03	2.937308e-03	3.157692e-04	-5.899977e-04	-3.739802e-04	-7.769878e-04	4.030076e-04
16650         	4.383662e+01	2.191862e+01	2.191799e+01	1.111035e-02	8.493777e-03	2.616569e-03	2.938604e-03	3.156239e-04	-5.934461e-04	-3.615255e-04	-7.742088e-04	4.126833e-04
16800         	4.378596e+01	2.189330e+01	2.189267e+01	1.109466e-02	8.487227e-03	2.607431e-03	2.939898e-03	3.154854e-04	-5.968680e-04	-3.559397e-04	-7.748379e-04	4.188982e-04
16950         	4.373618e+01	2.186841e+01	2.186778e+01	1.113524e-02	8.508808e-03	2.626432e-03	2.941188e-03	3.153616e-04	-6.002693e-04	-3.393978e-04	-7.699683e-04	4.305704e-04
17100         	4.368714e+01	2.184389e+01	2.184325e+01	1.112630e-02	8.505615e-03	2.620683e-03	2.942466e-03	3.152578e-04	-6.036433e-04	-3.491735e-04	-7.782301e-04	4.290566e-04
17250         	4.363888e+01	2.181975e+01	2.181912e+01	1.113821e-02	8.512844e-03	2.625370e-03	2.943737e-03	3.151646e-04	-6.070015e-04	-3.494946e-04	-7.817488e-04	4.322542e-04
17400         	4.359099e+01	2.179581e+01	2.179518e+01	1.115104e-02	8.520511e-03	2.630526e-03	2.944993e-03	3.150824e-04	-6.103360e-04	-3.475732e-04	-7.841226e-04	4.365495e-04
17550         	4.354442e+01	2.177252e+01	2.177189e+01	1.113034e-02	8.511434e-03	2.618904e-03	2.946265e-03	3.149921e-04	-6.136501e-04	-3.479587e-04	-7.876294e-04	4.396708e-04
17700         	4.349841e+01	2.174952e+01	2.174889e+01	1.113661e-02	8.515815e-03	2.620799e-03	2.947508e-03	3.149113e-04	-6.169342e-04	-3.488708e-04	-7.913696e-04	4.424988e-04
17850         	4.345315e+01	2.172689e+01	2.172626e+01	1.114708e-02	8.522278e-03	2.624797e-03	2.948741e-03	3.148204e-04	-6.201960e-04	-3.493404e-04	-7.948662e-04	4.455258e-04
18000         	4.340860e+01	2.170462e+01	2.170399e+01	1.116141e-02	8.530669e-03	2.630741e-03	2.949964e-03	3.147160e-04	-6.234361e-04	-3.388537e-04	-7.928630e-04	4.540093e-04
18150         	4.336473e+01	2.168268e+01	2.168205e+01	1.115520e-02	8.528767e-03	2.626428e-03	2.951170e-03	3.146099e-04	-6.266574e-04	-3.359298e-04	-7.946223e-04	4.586924e-04
18300         	4.332154e+01	2.166109e+01	2.166046e+01	1.116008e-02	8.532408e-03	2.627675e-03	2.952367e-03	3.144886e-04	-6.298554e-04	-3.342864e-04	-7.969986e-04	4.627122e-04
18450         	4.327902e+01	2.163982e+01	2.163919e+01	1.117164e-02	8.539370e-03	2.632274e-03	2.953548e-03	3.143626e-04	-6.330275e-04	-3.386656e-04	-8.023603e-04	4.636947e-04
18600         	4.323713e+01	2.161888e+01	2.161825e+01	1.117972e-02	8.544581e-03	2.635142e-03	2.954719e-03	3.142341e-04	-6.361836e-04	-3.389972e-04	-8.056823e-04	4.666850e-04
18750         	4.319589e+01	2.159826e+01	2.159763e+01	1.118196e-02	8.546857e-03	2.635105e-03	2.955876e-03	3.141012e-04	-6.393150e-04	-3.393583e-04	-8.089942e-04	4.696359e-04
18900         	4.315525e+01	2.157794e+01	2.157731e+01	1.117538e-02	8.544714e-03	2.630669e-03	2.957023e-03	3.139599e-04	-6.424224e-04	-3.454769e-04	-8.151608e-04	4.696839e-04
19050         	4.311522e+01	2.155792e+01	2.155730e+01	1.118459e-02	8.550444e-03	2.634148e-03	2.958148e-03	3.138157e-04	-6.455162e-04	-3.352862e-04	-8.131593e-04	4.778731e-04
19200         	4.307579e+01	2.153821e+01	2.153758e+01	1.117322e-02	8.545877e-03	2.627346e-03	2.959266e-03	3.136733e-04	-6.485841e-04	-3.542287e-04	-8.256985e-04	4.714698e-04
19350         	4.303692e+01	2.151877e+01	2.151815e+01	1.117081e-02	8.545774e-03	2.625040e-03	2.960367e-03	3.135355e-04	-6.516289e-04	-3.524518e-04	-8.278548e-04	4.754030e-04
19500         	4.299862e+01	2.149962e+01	2.149900e+01	1.117350e-02	8.548200e-03	2.625299e-03	2.961451e-03	3.133998e-04	-6.546506e-04	-3.491852e-04	-8.292432e-04	4.800580e-04
19650         	4.296090e+01	2.148076e+01	2.148014e+01	1.116471e-02	8.544882e-03	2.619826e-03	2.962528e-03	3.132683e-04	-6.576490e-04	-3.438832e-04	-8.295906e-04	4.857073e-04
19800         	4.292374e+01	2.146218e+01	2.146156e+01	1.116666e-02	8.546922e-03	2.619742e-03	2.963590e-03	3.131408e-04	-6.606241e-04	-3.500483e-04	-8.356482e-04	4.855999e-04
19950         	4.288710e+01	2.144386e+01	2.144324e+01	1.117834e-02	8.553808e-03	2.624534e-03	2.964637e-03	3.130270e-04	-6.635744e-04	-3.529744e-04	-8.400616e-04	4.870872e-04
20100         	4.285097e+01	2.142580e+01	2.142517e+01	1.117581e-02	8.553572e-03	2.622237e-03	2.965668e-03	3.129241e-04	-6.664956e-04	-3.564331e-04	-8.447122e-04	4.882791e-04
20250         	4.281538e+01	2.140800e+01	2.140738e+01	1.118089e-02	8.557120e-03	2.623766e-03	2.966677e-03	3.128330e-04	-6.693911e-04	-3.445561e-04	-8.416692e-04	4.971131e-04
20400         	4.278032e+01	2.139047e+01	2.138985e+01	1.117797e-02	8.556652e-03	2.621320e-03	2.967666e-03	3.127495e-04	-6.722608e-04	-3.332792e-04	-8.389004e-04	5.056212e-04
20550         	4.274576e+01	2.137319e+01	2.137257e+01	1.120291e-02	8.570097e-03	2.632815e-03	2.968641e-03	3.126724e-04	-6.751022e-04	-3.113628e-04	-8.307836e-04	5.194208e-04
20700         	4.271164e+01	2.135613e+01	2.135551e+01	1.119913e-02	8.569163e-03	2.629971e-03	2.969596e-03	3.126016e-04	-6.779176e-04	-3.153871e-04	-8.356112e-04	5.202241e-04
20850         	4.267802e+01	2.133932e+01	2.133870e+01	1.121369e-02	8.577373e-03	2.636316e-03	2.970529e-03	3.125341e-04	-6.807041e-04	-3.104370e-04	-8.359226e-04	5.254856e-04
21000         	4.264487e+01	2.132275e+01	2.132212e+01	1.121569e-02	8.579289e-03	2.636402e-03	2.971443e-03	3.124619e-04	-6.834608e-04	-3.061380e-04	-8.365298e-04	5.303918e-04
21150         	4.261216e+01	2.130639e+01	2.130577e+01	1.122883e-02	8.586751e-03	2.642078e-03	2.972336e-03	3.123946e-04	-6.861896e-04	-2.962036e-04	-8.342914e-04	5.380878e-04
21300         	4.257993e+01	2.129028e+01	2.128965e+01	1.123251e-02	8.589465e-03	2.643046e-03	2.973209e-03	3.123280e-04	-6.888887e-04	-2.789592e-04	-8.283683e-04	5.494091e-04
21450         	4.254810e+01	2.127436e+01	2.127374e+01	1.124616e-02	8.597139e-03	2.649020e-03	2.974059e-03	3.122617e-04	-6.915594e-04	-2.854522e-04	-8.342856e-04	5.488333e-04
21600         	4.251676e+01	2.125869e+01	2.125807e+01	1.124551e-02	8.597648e-03	2.647863e-03	2.974892e-03	3.121965e-04	-6.941981e-04	-2.885412e-04	-8.384687e-04	5.499275e-04
21750         	4.248584e+01	2.124323e+01	2.124261e+01	1.124646e-02	8.598933e-03	2.647529e-03	2.975702e-03	3.121296e-04	-6.968069e-04	-2.917368e-04	-8.426753e-04	5.509385e-04
21900         	4.245532e+01	2.122797e+01	2.122735e+01	1.126304e-02	8.608016e-03	2.655026e-03	2.976495e-03	3.120641e-04	-6.993842e-04	-2.742466e-04	-8.365075e-04	5.622609e-04
22050         	4.242524e+01	2.121293e+01	2.121231e+01	1.126501e-02	8.609770e-03	2.655238e-03	2.977266e-03	3.119997e-04	-7.019278e-04	-2.691852e-04	-8.365204e-04	5.673352e-04
22200         	4.239558e+01	2.119810e+01	2.119748e+01	1.126617e-02	8.611102e-03	2.655065e-03	2.978019e-03	3.119330e-04	-7.044397e-04	-2.741712e-04	-8.415253e-04	5.673541e-04
22350         	4.236632e+01	2.118347e+01	2.118285e+01	1.126658e-02	8.612041e-03	2.654539e-03	2.978751e-03	3.118695e-04	-7.069239e-04	-2.674552e-04	-8.406514e-04	5.731963e-04
22500         	4.233742e+01	2.116902e+01	2.116840e+01	1.126048e-02	8.609704e-03	2.650776e-03	2.979464e-03	3.118009e-04	-7.093737e-04	-2.549630e-04	-8.368553e-04	5.818922e-04
22650         	4.230891e+01	2.115477e+01	2.115414e+01	1.125650e-02	8.608409e-03	2.648096e-03	2.980156e-03	3.117260e-04	-7.117929e-04	-2.543053e-04	-8.389455e-04	5.846402e-04
22800         	4.228083e+01	2.114073e+01	2.114010e+01	1.125874e-02	8.610205e-03	2.648530e-03	2.980837e-03	3.116504e-04	-7.141804e-04	-2.638724e-04	-8.461166e-04	5.822443e-04
22950         	4.225309e+01	2.112686e+01	2.112624e+01	1.126331e-02	8.613153e-03	2.650160e-03	2.981497e-03	3.115725e-04	-7.165411e-04	-2.619641e-04	-8.475232e-04	5.855591e-04
23100         	4.222574e+01	2.111318e+01	2.111256e+01	1.127253e-02	8.618410e-03	2.654118e-03	2.982146e-03	3.114944e-04	-7.188748e-04	-2.534238e-04	-8.455867e-04	5.921629e-04
23250         	4.219874e+01	2.109968e+01	2.109906e+01	1.126686e-02	8.616201e-03	2.650657e-03	2.982772e-03	3.114164e-04	-7.211825e-04	-2.471362e-04	-8.447506e-04	5.976144e-04
23400         	4.217207e+01	2.108634e+01	2.108572e+01	1.126776e-02	8.617257e-03	2.650502e-03	2.983377e-03	3.113251e-04	-7.234645e-04	-2.435154e-04	-8.452222e-04	6.017068e-04
23550         	4.214576e+01	2.107319e+01	2.107257e+01	1.127272e-02	8.620329e-03	2.652389e-03	2.983970e-03	3.112308e-04	-7.257275e-04	-2.436752e-04	-8.475651e-04	6.038899e-04
23700         	4.211981e+01	2.106022e+01	2.105959e+01	1.128373e-02	8.626411e-03	2.657320e-03	2.984545e-03	3.111252e-04	-7.279723e-04	-2.420006e-04	-8.489726e-04	6.069719e-04
23850         	4.209419e+01	2.104741e+01	2.104678e+01	1.128419e-02	8.627211e-03	2.656975e-03	2.985118e-03	3.110168e-04	-7.301980e-04	-2.374363e-04	-8.489162e-04	6.114799e-04
24000         	4.206888e+01	2.103475e+01	2.103413e+01	1.126656e-02	8.618955e-03	2.647602e-03	2.985677e-03	3.109165e-04	-7.323990e-04	-2.333171e-04	-8.490576e-04	6.157404e-04
24150         	4.204393e+01	2.102228e+01	2.102165e+01	1.127536e-02	8.623918e-03	2.651444e-03	2.986237e-03	3.108157e-04	-7.345794e-04	-2.358466e-04	-8.525027e-04	6.166561e-04
24300         	4.201930e+01	2.100996e+01	2.100934e+01	1.127857e-02	8.626076e-03	2.652493e-03	2.986792e-03	3.107115e-04	-7.367402e-04	-2.333819e-04	-8.534311e-04	6.200492e-04
24450         	4.199496e+01	2.099779e+01	2.099717e+01	1.128496e-02	8.629819e-03	2.655137e-03	2.987341e-03	3.106023e-04	-7.388789e-04	-2.233812e-04	-8.505695e-04	6.271883e-04
24600         	4.197094e+01	2.098578e+01	2.098516e+01	1.128672e-02	8.631246e-03	2.655471e-03	2.987887e-03	3.104826e-04	-7.409995e-04	-2.153129e-04	-8.486560e-04	6.333430e-04
24750         	4.194723e+01	2.097393e+01	2.097331e+01	1.129694e-02	8.636906e-03	2.660032e-03	2.988437e-03	3.103541e-04	-7.431009e-04	-2.135517e-04	-8.498768e-04	6.363251e-04
24900         	4.192382e+01	2.096222e+01	2.096160e+01	1.129780e-02	8.637879e-03	2.659921e-03	2.988979e-03	3.102135e-04	-7.451826e-04	-2.104645e-04	-8.504148e-04	6.399503e-04
25050         	4.190070e+01	2.095066e+01	2.095004e+01	1.129699e-02	8.638009e-03	2.658985e-03	2.989512e-03	3.100626e-04	-7.472454e-04	-1.970633e-04	-8.457771e-04	6.487137e-04
25200         	4.187791e+01	2.093926e+01	2.093864e+01	1.130744e-02	8.643754e-03	2.663682e-03	2.990036e-03	3.099040e-04	-7.492908e-04	-1.887166e-04	-8.436491e-04	6.549325e-04
25350         	4.185537e+01	2.092800e+01	2.092738e+01	1.131260e-02	8.646840e-03	2.665764e-03	2.990538e-03	3.097323e-04	-7.513176e-04	-1.788036e-04	-8.407195e-04	6.619158e-04
25500         	4.183313e+01	2.091687e+01	2.091626e+01	1.132349e-02	8.652776e-03	2.670719e-03	2.991029e-03	3.095507e-04	-7.533243e-04	-1.691058e-04	-8.378772e-04	6.687714e-04
25650         	4.181115e+01	2.090589e+01	2.090527e+01	1.131422e-02	8.648613e-03	2.665602e-03	2.991506e-03	3.093631e-04	-7.553134e-04	-1.541469e-04	-8.323869e-04	6.782400e-04
25800         	4.178946e+01	2.089504e+01	2.089442e+01	1.132074e-02	8.652339e-03	2.668399e-03	2.991970e-03	3.091667e-04	-7.572851e-04	-1.438716e-04	-8.292209e-04	6.853493e-04
25950         	4.176805e+01	2.088434e+01	2.088372e+01	1.132168e-02	8.653260e-03	2.668419e-03	2.992421e-03	3.089701e-04	-7.592387e-04	-1.418342e-04	-8.301558e-04	6.883216e-04
26100         	4.174690e+01	2.087376e+01	2.087314e+01	1.133630e-02	8.661013e-03	2.675287e-03	2.992863e-03	3.087668e-04	-7.611738e-04	-1.367328e-04	-8.295402e-04	6.928074e-04
26250         	4.172600e+01	2.086331e+01	2.086269e+01	1.133455e-02	8.660571e-03	2.673984e-03	2.993294e-03	3.085650e-04	-7.630920e-04	-1.401918e-04	-8.331879e-04	6.929961e-04
26400         	4.170536e+01	2.085299e+01	2.085237e+01	1.133337e-02	8.660398e-03	2.672969e-03	2.993715e-03	3.083658e-04	-7.649966e-04	-1.384156e-04	-8.342044e-04	6.957888e-04
26550         	4.168499e+01	2.084280e+01	2.084219e+01	1.132531e-02	8.656783e-03	2.668526e-03	2.994129e-03	3.081705e-04	-7.668852e-04	-1.299003e-04	-8.318354e-04	7.019350e-04
26700         	4.166486e+01	2.083274e+01	2.083212e+01	1.132764e-02	8.658357e-03	2.669286e-03	2.994535e-03	3.079828e-04	-7.687597e-04	-1.140217e-04	-8.257706e-04	7.117488e-04
26850         	4.164499e+01	2.082280e+01	2.082218e+01	1.132757e-02	8.658721e-03	2.668852e-03	2.994935e-03	3.077980e-04	-7.706205e-04	-1.286757e-04	-8.349584e-04	7.062826e-04
27000         	4.162536e+01	2.081299e+01	2.081237e+01	1.132443e-02	8.657541e-03	2.666886e-03	2.995328e-03	3.076154e-04	-7.724694e-04	-1.184593e-04	-8.316990e-04	7.132398e-04
27150         	4.160595e+01	2.080328e+01	2.080267e+01	1.133475e-02	8.663086e-03	2.671660e-03	2.995713e-03	3.074320e-04	-7.743052e-04	-1.068097e-04	-8.277101e-04	7.209004e-04
27300         	4.158679e+01	2.079370e+01	2.079309e+01	1.133118e-02	8.661681e-03	2.669495e-03	2.996093e-03	3.072421e-04	-7.761304e-04	-9.501090e-05	-8.236359e-04	7.286250e-04
27450         	4.156785e+01	2.078423e+01	2.078362e+01	1.134553e-02	8.669235e-03	2.676300e-03	2.996468e-03	3.070460e-04	-7.779418e-04	-8.978185e-05	-8.228327e-04	7.330508e-04
27600         	4.154916e+01	2.077488e+01	2.077427e+01	1.134227e-02	8.667976e-03	2.674294e-03	2.996841e-03	3.068429e-04	-7.797412e-04	-9.068650e-05	-8.250844e-04	7.343979e-04
27750         	4.153069e+01	2.076565e+01	2.076504e+01	1.135724e-02	8.675825e-03	2.681416e-03	2.997205e-03	3.066343e-04	-7.815281e-04	-9.355958e-05	-8.283079e-04	7.347483e-04
27900         	4.151244e+01	2.075653e+01	2.075591e+01	1.135481e-02	8.674970e-03	2.679842e-03	2.997564e-03	3.064215e-04	-7.833003e-04	-9.249859e-05	-8.295496e-04	7.370510e-04
28050         	4.149442e+01	2.074751e+01	2.074690e+01	1.134978e-02	8.672805e-03	2.676972e-03	2.997916e-03	3.062059e-04	-7.850626e-04	-8.921038e-05	-8.296678e-04	7.404575e-04
28200         	4.147662e+01	2.073861e+01	2.073800e+01	1.134327e-02	8.669904e-03	2.673366e-03	2.998269e-03	3.059866e-04	-7.868121e-04	-8.447565e-05	-8.290500e-04	7.445743e-04
28350         	4.145901e+01	2.072981e+01	2.072920e+01	1.134225e-02	8.669744e-03	2.672510e-03	2.998617e-03	3.057598e-04	-7.885533e-04	-8.091706e-05	-8.290118e-04	7.480947e-04
28500         	4.144164e+01	2.072112e+01	2.072051e+01	1.133880e-02	8.668364e-03	2.670439e-03	2.998963e-03	3.055248e-04	-7.902786e-04	-8.077496e-05	-8.306660e-04	7.498911e-04
28650         	4.142447e+01	2.071254e+01	2.071193e+01	1.134975e-02	8.674175e-03	2.675571e-03	2.999302e-03	3.052826e-04	-7.919910e-04	-7.106539e-05	-8.275237e-04	7.564583e-04
28800         	4.140751e+01	2.070406e+01	2.070345e+01	1.136585e-02	8.682563e-03	2.683292e-03	2.999635e-03	3.050383e-04	-7.936824e-04	-6.282226e-05	-8.250936e-04	7.622713e-04
28950         	4.139076e+01	2.069569e+01	2.069508e+01	1.137119e-02	8.685564e-03	2.685629e-03	2.999967e-03	3.048008e-04	-7.953622e-04	-7.259511e-05	-8.316598e-04	7.590647e-04
29100         	4.137417e+01	2.068739e+01	2.068678e+01	1.136701e-02	8.683800e-03	2.683212e-03	3.000294e-03	3.045730e-04	-7.970228e-04	-5.900045e-05	-8.265230e-04	7.675225e-04
29250         	4.135779e+01	2.067920e+01	2.067859e+01	1.136866e-02	8.684950e-03	2.683712e-03	3.000619e-03	3.043585e-04	-7.986708e-04	-4.805375e-05	-8.226977e-04	7.746439e-04
29400         	4.134162e+01	2.067112e+01	2.067051e+01	1.137302e-02	8.687456e-03	2.685566e-03	3.000945e-03	3.041543e-04	-8.003094e-04	-3.896666e-05	-8.197927e-04	7.808261e-04
29550         	4.132564e+01	2.066312e+01	2.066252e+01	1.137702e-02	8.689778e-03	2.687240e-03	3.001269e-03	3.039550e-04	-8.019362e-04	-3.680181e-05	-8.203371e-04	7.835353e-04
29700         	4.130985e+01	2.065523e+01	2.065462e+01	1.137624e-02	8.689713e-03	2.686530e-03	3.001591e-03	3.037575e-04	-8.035529e-04	-2.741851e-05	-8.172621e-04	7.898436e-04
29850         	4.129427e+01	2.064744e+01	2.064683e+01	1.137601e-02	8.689917e-03	2.686093e-03	3.001912e-03	3.035629e-04	-8.051599e-04	-2.259917e-05	-8.164594e-04	7.938603e-04
30000         	4.127884e+01	2.063972e+01	2.063912e+01	1.137869e-02	8.691576e-03	2.687117e-03	3.002229e-03	3.033706e-04	-8.067582e-04	-2.891192e-05	-8.212141e-04	7.923022e-04
30150         	4.126363e+01	2.063212e+01	2.063151e+01	1.138273e-02	8.693907e-03	2.688820e-03	3.002543e-03	3.031763e-04	-8.083464e-04	-2.293654e-05	-8.198146e-04	7.968781e-04
30300         	4.124857e+01	2.062459e+01	2.062398e+01	1.138370e-02	8.694708e-03	2.688993e-03	3.002858e-03	3.029782e-04	-8.099258e-04	-1.914924e-05	-8.195004e-04	8.003512e-04
30450         	4.123369e+01	2.061715e+01	2.061654e+01	1.138864e-02	8.697486e-03	2.691151e-03	3.003168e-03	3.027770e-04	-8.114996e-04	-2.636630e-05	-8.246828e-04	7.983165e-04
30600         	4.121899e+01	2.060980e+01	2.060919e+01	1.137808e-02	8.692514e-03	2.685566e-03	3.003474e-03	3.025754e-04	-8.130627e-04	-2.721263e-05	-8.266690e-04	7.994564e-04
30750         	4.120447e+01	2.060254e+01	2.060193e+01	1.137362e-02	8.690588e-03	2.683031e-03	3.003778e-03	3.023720e-04	-8.146179e-04	-2.028071e-05	-8.247583e-04	8.044776e-04
30900         	4.119010e+01	2.059535e+01	2.059475e+01	1.137729e-02	8.692727e-03	2.684564e-03	3.004082e-03	3.021704e-04	-8.161674e-04	-2.352430e-05	-8.279296e-04	8.044053e-04
31050         	4.117590e+01	2.058825e+01	2.058765e+01	1.137979e-02	8.694276e-03	2.685516e-03	3.004380e-03	3.019697e-04	-8.177077e-04	-1.623027e-05	-8.258228e-04	8.095925e-04
31200         	4.116188e+01	2.058124e+01	2.058064e+01	1.138059e-02	8.694974e-03	2.685619e-03	3.004678e-03	3.017714e-04	-8.192426e-04	-1.089847e-05	-8.246918e-04	8.137933e-04
31350         	4.114803e+01	2.057432e+01	2.057371e+01	1.138943e-02	8.699689e-03	2.689739e-03	3.004975e-03	3.015767e-04	-8.207706e-04	-6.128487e-06	-8.238348e-04	8.177064e-04
31500         	4.113434e+01	2.056747e+01	2.056687e+01	1.139345e-02	8.701995e-03	2.691454e-03	3.005270e-03	3.013833e-04	-8.222942e-04	-3.018613e-06	-8.238035e-04	8.207849e-04
31650         	4.112081e+01	2.056071e+01	2.056011e+01	1.139759e-02	8.704362e-03	2.693231e-03	3.005566e-03	3.011933e-04	-8.238107e-04	-4.527529e-06	-8.260745e-04	8.215470e-04
31800         	4.110743e+01	2.055402e+01	2.055342e+01	1.139829e-02	8.705004e-03	2.693285e-03	3.005860e-03	3.010070e-04	-8.253213e-04	2.424654e-06	-8.241090e-04	8.265336e-04
31950         	4.109421e+01	2.054741e+01	2.054680e+01	1.139728e-02	8.704791e-03	2.692486e-03	3.006152e-03	3.008239e-04	-8.268260e-04	5.201806e-06	-8.242251e-04	8.294269e-04
32100         	4.108113e+01	2.054086e+01	2.054026e+01	1.139694e-02	8.704914e-03	2.692025e-03	3.006445e-03	3.006430e-04	-8.283251e-04	1.821279e-06	-8.274144e-04	8.292357e-04
32250         	4.106823e+01	2.053442e+01	2.053382e+01	1.139674e-02	8.705107e-03	2.691638e-03	3.006735e-03	3.004640e-04	-8.298167e-04	5.190110e-06	-8.272216e-04	8.324117e-04
32400         	4.105545e+01	2.052802e+01	2.052742e+01	1.138405e-02	8.699049e-03	2.685004e-03	3.007022e-03	3.002862e-04	-8.313005e-04	7.328229e-06	-8.276364e-04	8.349646e-04
32550         	4.104244e+01	2.052152e+01	2.052092e+01	1.140479e-02	8.709696e-03	2.695097e-03	3.007300e-03	3.001135e-04	-8.327754e-04	8.492229e-06	-8.285293e-04	8.370215e-04
32700         	4.103016e+01	2.051538e+01	2.051478e+01	1.139172e-02	8.703462e-03	2.688262e-03	3.007600e-03	2.999386e-04	-8.342490e-04	9.746363e-06	-8.293758e-04	8.391221e-04
32850         	4.101779e+01	2.050919e+01	2.050859e+01	1.139632e-02	8.706046e-03	2.690276e-03	3.007885e-03	2.997685e-04	-8.357071e-04	6.523073e-06	-8.324456e-04	8.389687e-04
33000         	4.100563e+01	2.050311e+01	2.050251e+01	1.139628e-02	8.706309e-03	2.689971e-03	3.008169e-03	2.996021e-04	-8.371589e-04	8.326717e-06	-8.329956e-04	8.413223e-04
33150         	4.099358e+01	2.049709e+01	2.049649e+01	1.140029e-02	8.708594e-03	2.691691e-03	3.008452e-03	2.994381e-04	-8.386029e-04	5.989268e-06	-8.356083e-04	8.415976e-04
33300         	4.098169e+01	2.049115e+01	2.049055e+01	1.139931e-02	8.708388e-03	2.690918e-03	3.008735e-03	2.992789e-04	-8.400410e-04	1.066831e-05	-8.347069e-04	8.453752e-04
33450         	4.096993e+01	2.048527e+01	2.048467e+01	1.141114e-02	8.714586e-03	2.696552e-03	3.009017e-03	2.991195e-04	-8.414726e-04	1.154827e-05	-8.356985e-04	8.472468e-04
33600         	4.095832e+01	2.047946e+01	2.047886e+01	1.140909e-02	8.713847e-03	2.695243e-03	3.009302e-03	2.989623e-04	-8.428969e-04	8.995287e-06	-8.383992e-04	8.473945e-04
33750         	4.094684e+01	2.047372e+01	2.047312e+01	1.141193e-02	8.715550e-03	2.696377e-03	3.009587e-03	2.988058e-04	-8.443137e-04	7.452515e-06	-8.405874e-04	8.480399e-04
33900         	4.093549e+01	2.046804e+01	2.046745e+01	1.141509e-02	8.717418e-03	2.697674e-03	3.009872e-03	2.986508e-04	-8.457233e-04	9.175461e-06	-8.411356e-04	8.503110e-04
34050         	4.092428e+01	2.046244e+01	2.046184e+01	1.142007e-02	8.720190e-03	2.699876e-03	3.010157e-03	2.984966e-04	-8.471233e-04	1.194758e-05	-8.411495e-04	8.530971e-04
34200         	4.091320e+01	2.045690e+01	2.045630e+01	1.142552e-02	8.723202e-03	2.702317e-03	3.010443e-03	2.983428e-04	-8.485169e-04	2.129199e-05	-8.378710e-04	8.591629e-04
34350         	4.090225e+01	2.045142e+01	2.045083e+01	1.142372e-02	8.722588e-03	2.701131e-03	3.010728e-03	2.981879e-04	-8.499031e-04	2.347421e-05	-8.381660e-04	8.616402e-04
34500         	4.089141e+01	2.044600e+01	2.044541e+01	1.142200e-02	8.722013e-03	2.699984e-03	3.011015e-03	2.980341e-04	-8.512812e-04	2.777645e-05	-8.373929e-04	8.651694e-04
34650         	4.088071e+01	2.044065e+01	2.044006e+01	1.142142e-02	8.722008e-03	2.699407e-03	3.011301e-03	2.978817e-04	-8.526512e-04	3.145906e-05	-8.369217e-04	8.683807e-04
34800         	4.087014e+01	2.043537e+01	2.043477e+01	1.142173e-02	8.722454e-03	2.699281e-03	3.011586e-03	2.977316e-04	-8.540106e-04	3.391446e-05	-8.370533e-04	8.709678e-04
34950         	4.085967e+01	2.043013e+01	2.042954e+01	1.142470e-02	8.724222e-03	2.700476e-03	3.011873e-03	2.975813e-04	-8.553594e-04	2.885277e-05	-8.409330e-04	8.697858e-04
35100         	4.084933e+01	2.042496e+01	2.042437e+01	1.142396e-02	8.724139e-03	2.699822e-03	3.012159e-03	2.974331e-04	-8.567002e-04	3.282807e-05	-8.402862e-04	8.731142e-04
35250         	4.083911e+01	2.041985e+01	2.041926e+01	1.142904e-02	8.726969e-03	2.702072e-03	3.012449e-03	2.972856e-04	-8.580321e-04	2.989838e-05	-8.430830e-04	8.729813e-04
35400         	4.082901e+01	2.041480e+01	2.041421e+01	1.143593e-02	8.730707e-03	2.705224e-03	3.012741e-03	2.971399e-04	-8.593557e-04	3.260376e-05	-8.430539e-04	8.756576e-04
35550         	4.081902e+01	2.040981e+01	2.040921e+01	1.142880e-02	8.727439e-03	2.701363e-03	3.013038e-03	2.969943e-04	-8.606713e-04	3.563729e-05	-8.428527e-04	8.784900e-04
35700         	4.080916e+01	2.040488e+01	2.040428e+01	1.142957e-02	8.728119e-03	2.701446e-03	3.013337e-03	2.968532e-04	-8.619794e-04	4.532165e-05	-8.393186e-04	8.846402e-04
35850         	4.079942e+01	2.040001e+01	2.039941e+01	1.143151e-02	8.729391e-03	2.702117e-03	3.013637e-03	2.967114e-04	-8.632802e-04	5.248560e-05	-8.370374e-04	8.895230e-04
36000         	4.078979e+01	2.039519e+01	2.039460e+01	1.143239e-02	8.730135e-03	2.702258e-03	3.013939e-03	2.965718e-04	-8.645732e-04	5.481691e-05	-8.371647e-04	8.919816e-04
36150         	4.078028e+01	2.039043e+01	2.038984e+01	1.143679e-02	8.732637e-03	2.704151e-03	3.014243e-03	2.964328e-04	-8.658563e-04	5.617145e-05	-8.377705e-04	8.939420e-04
36300         	4.077088e+01	2.038573e+01	2.038514e+01	1.144102e-02	8.735061e-03	2.705962e-03	3.014549e-03	2.962956e-04	-8.671309e-04	4.911395e-05	-8.425739e-04	8.916878e-04
36450         	4.076159e+01	2.038109e+01	2.038050e+01	1.144161e-02	8.735666e-03	2.705948e-03	3.014859e-03	2.961600e-04	-8.683965e-04	5.205711e-05	-8.423679e-04	8.944251e-04
36600         	4.075239e+01	2.037649e+01	2.037590e+01	1.144483e-02	8.737585e-03	2.707243e-03	3.015171e-03	2.960279e-04	-8.696522e-04	5.827642e-05	-8.405140e-04	8.987904e-04
36750         	4.074331e+01	2.037195e+01	2.037136e+01	1.144525e-02	8.738111e-03	2.707140e-03	3.015485e-03	2.958972e-04	-8.709003e-04	6.092431e-05	-8.404381e-04	9.013624e-04
36900         	4.073433e+01	2.036746e+01	2.036687e+01	1.145058e-02	8.741092e-03	2.709484e-03	3.015804e-03	2.957691e-04	-8.721398e-04	6.262266e-05	-8.408285e-04	9.034511e-04
37050         	4.072547e+01	2.036303e+01	2.036244e+01	1.145971e-02	8.745981e-03	2.713732e-03	3.016124e-03	2.956425e-04	-8.733711e-04	6.159001e-05	-8.425761e-04	9.041661e-04
37200         	4.071670e+01	2.035865e+01	2.035805e+01	1.146883e-02	8.750864e-03	2.717969e-03	3.016448e-03	2.955177e-04	-8.745939e-04	6.076881e-05	-8.442095e-04	9.049783e-04
37350         	4.070803e+01	2.035431e+01	2.035372e+01	1.147100e-02	8.752274e-03	2.718726e-03	3.016774e-03	2.953954e-04	-8.758089e-04	6.226786e-05	-8.446750e-04	9.069428e-04
37500         	4.069946e+01	2.035003e+01	2.034944e+01	1.146920e-02	8.751705e-03	2.717499e-03	3.017103e-03	2.952750e-04	-8.770140e-04	6.112216e-05	-8.464529e-04	9.075751e-04
37650         	4.069101e+01	2.034580e+01	2.034521e+01	1.147572e-02	8.755295e-03	2.720426e-03	3.017435e-03	2.951569e-04	-8.782114e-04	6.086900e-05	-8.477769e-04	9.086459e-04
37800         	4.068265e+01	2.034162e+01	2.034103e+01	1.147075e-02	8.753143e-03	2.717607e-03	3.017768e-03	2.950398e-04	-8.794013e-04	6.628656e-05	-8.462580e-04	9.125446e-04
37950         	4.067439e+01	2.033749e+01	2.033690e+01	1.147559e-02	8.755902e-03	2.719692e-03	3.018105e-03	2.949229e-04	-8.805838e-04	6.472656e-05	-8.482205e-04	9.129471e-04
38100         	4.066623e+01	2.033341e+01	2.033282e+01	1.147189e-02	8.754389e-03	2.717498e-03	3.018446e-03	2.948078e-04	-8.817570e-04	6.659885e-05	-8.484576e-04	9.150564e-04
38250         	4.065817e+01	2.032938e+01	2.032879e+01	1.148162e-02	8.759598e-03	2.722026e-03	3.018786e-03	2.946913e-04	-8.829232e-04	6.779074e-05	-8.490278e-04	9.168186e-04
38400         	4.065020e+01	2.032539e+01	2.032480e+01	1.148232e-02	8.760288e-03	2.722027e-03	3.019131e-03	2.945760e-04	-8.840824e-04	6.937711e-05	-8.493938e-04	9.187709e-04
38550         	4.064232e+01	2.032146e+01	2.032087e+01	1.148736e-02	8.763158e-03	2.724203e-03	3.019478e-03	2.944599e-04	-8.852326e-04	6.858741e-05	-8.509389e-04	9.195263e-04
38700         	4.063454e+01	2.031757e+01	2.031698e+01	1.147912e-02	8.759389e-03	2.719734e-03	3.019827e-03	2.943442e-04	-8.863750e-04	6.923275e-05	-8.517587e-04	9.209914e-04
38850         	4.062686e+01	2.031373e+01	2.031314e+01	1.148231e-02	8.761335e-03	2.720977e-03	3.020179e-03	2.942269e-04	-8.875105e-04	7.316202e-05	-8.509295e-04	9.240915e-04
39000         	4.061928e+01	2.030993e+01	2.030934e+01	1.147572e-02	8.758394e-03	2.717328e-03	3.020533e-03	2.941110e-04	-8.886362e-04	6.972817e-05	-8.537722e-04	9.235003e-04
39150         	4.061177e+01	2.030618e+01	2.030559e+01	1.148373e-02	8.762754e-03	2.720978e-03	3.020888e-03	2.939949e-04	-8.897540e-04	7.536880e-05	-8.520696e-04	9.274384e-04
39300         	4.060436e+01	2.030247e+01	2.030188e+01	1.149014e-02	8.766315e-03	2.723823e-03	3.021246e-03	2.938804e-04	-8.908647e-04	7.790028e-05	-8.519146e-04	9.298148e-04
39450         	4.059704e+01	2.029881e+01	2.029822e+01	1.149353e-02	8.768370e-03	2.725158e-03	3.021606e-03	2.937658e-04	-8.919677e-04	7.308721e-05	-8.554241e-04	9.285113e-04
39600         	4.058980e+01	2.029519e+01	2.029461e+01	1.149616e-02	8.770049e-03	2.726115e-03	3.021967e-03	2.936532e-04	-8.930619e-04	7.252408e-05	-8.567999e-04	9.293240e-04
39750         	4.058265e+01	2.029162e+01	2.029103e+01	1.149987e-02	8.772266e-03	2.727606e-03	3.022330e-03	2.935418e-04	-8.941499e-04	7.071698e-05	-8.587914e-04	9.295084e-04
39900         	4.057559e+01	2.028809e+01	2.028750e+01	1.150629e-02	8.775840e-03	2.730448e-03	3.022696e-03	2.934314e-04	-8.952320e-04	6.534920e-05	-8.625574e-04	9.279066e-04
40050         	4.056863e+01	2.028461e+01	2.028402e+01	1.150327e-02	8.774696e-03	2.728570e-03	3.023063e-03	2.933213e-04	-8.963069e-04	6.294898e-05	-8.648325e-04	9.277814e-04
40200         	4.056174e+01	2.028116e+01	2.028058e+01	1.150678e-02	8.776821e-03	2.729956e-03	3.023432e-03	2.932113e-04	-8.973759e-04	6.618697e-05	-8.642824e-04	9.304694e-04
40350         	4.055493e+01	2.027776e+01	2.027717e+01	1.150665e-02	8.777129e-03	2.729523e-03	3.023803e-03	2.931026e-04	-8.984411e-04	6.496211e-05	-8.659600e-04	9.309221e-04
40500         	4.054822e+01	2.027440e+01	2.027382e+01	1.150290e-02	8.775623e-03	2.727274e-03	3.024175e-03	2.929937e-04	-8.995004e-04	6.125482e-05	-8.688730e-04	9.301278e-04
40650         	4.054158e+01	2.027108e+01	2.027049e+01	1.150474e-02	8.776914e-03	2.727823e-03	3.024545e-03	2.928854e-04	-9.005547e-04	6.016232e-05	-8.704735e-04	9.306359e-04
40800         	4.053501e+01	2.026780e+01	2.026721e+01	1.150689e-02	8.778359e-03	2.728526e-03	3.024917e-03	2.927767e-04	-9.016036e-04	5.763614e-05	-8.727855e-04	9.304217e-04
40950         	4.052853e+01	2.026456e+01	2.026397e+01	1.150669e-02	8.778635e-03	2.728056e-03	3.025289e-03	2.926681e-04	-9.026487e-04	6.646433e-05	-8.694166e-04	9.358809e-04
41100         	4.052214e+01	2.026136e+01	2.026078e+01	1.150937e-02	8.780349e-03	2.729022e-03	3.025663e-03	2.925599e-04	-9.036897e-04	5.974382e-05	-8.738178e-04	9.335616e-04
41250         	4.051582e+01	2.025820e+01	2.025762e+01	1.151350e-02	8.782786e-03	2.730709e-03	3.026039e-03	2.924510e-04	-9.047268e-04	6.055047e-05	-8.744515e-04	9.350020e-04
41400         	4.050957e+01	2.025508e+01	2.025449e+01	1.151873e-02	8.785780e-03	2.732949e-03	3.026415e-03	2.923423e-04	-9.057606e-04	5.735099e-05	-8.770851e-04	9.344361e-04
41550         	4.050341e+01	2.025200e+01	2.025141e+01	1.152200e-02	8.787793e-03	2.734205e-03	3.026794e-03	2.922337e-04	-9.067897e-04	4.745069e-05	-8.830643e-04	9.305150e-04
41700         	4.049732e+01	2.024895e+01	2.024837e+01	1.152149e-02	8.787918e-03	2.733571e-03	3.027174e-03	2.921256e-04	-9.078160e-04	4.823072e-05	-8.837007e-04	9.319314e-04
41850         	4.049131e+01	2.024595e+01	2.024536e+01	1.152365e-02	8.789383e-03	2.734272e-03	3.027555e-03	2.920166e-04	-9.088389e-04	5.153356e-05	-8.830722e-04	9.346057e-04
42000         	4.048537e+01	2.024298e+01	2.024239e+01	1.152074e-02	8.788311e-03	2.732434e-03	3.027939e-03	2.919078e-04	-9.098591e-04	4.461464e-05	-8.875518e-04	9.321664e-04
42150         	4.047951e+01	2.024005e+01	2.023946e+01	1.152457e-02	8.790607e-03	2.733962e-03	3.028322e-03	2.917987e-04	-9.108762e-04	4.344966e-05	-8.891513e-04	9.326010e-04
42300         	4.047373e+01	2.023716e+01	2.023657e+01	1.152294e-02	8.790180e-03	2.732761e-03	3.028710e-03	2.916897e-04	-9.118898e-04	3.713305e-05	-8.933232e-04	9.304563e-04
42450         	4.046801e+01	2.023429e+01	2.023371e+01	1.152363e-02	8.790916e-03	2.732719e-03	3.029098e-03	2.915803e-04	-9.129008e-04	3.541555e-05	-8.951931e-04	9.306086e-04
42600         	4.046237e+01	2.023148e+01	2.023089e+01	1.152058e-02	8.789782e-03	2.730802e-03	3.029490e-03	2.914688e-04	-9.139093e-04	3.504071e-05	-8.963889e-04	9.314296e-04
42750         	4.045679e+01	2.022869e+01	2.022810e+01	1.152597e-02	8.792872e-03	2.733102e-03	3.029885e-03	2.913574e-04	-9.149141e-04	3.525105e-05	-8.972886e-04	9.325396e-04
42900         	4.045129e+01	2.022593e+01	2.022535e+01	1.153184e-02	8.796201e-03	2.735639e-03	3.030281e-03	2.912446e-04	-9.159170e-04	3.016640e-05	-9.008338e-04	9.310002e-04
43050         	4.044585e+01	2.022322e+01	2.022264e+01	1.153148e-02	8.796421e-03	2.735062e-03	3.030680e-03	2.911320e-04	-9.169165e-04	2.930230e-05	-9.022653e-04	9.315676e-04
43200         	4.044050e+01	2.022054e+01	2.021996e+01	1.153291e-02	8.797535e-03	2.735376e-03	3.031080e-03	2.910181e-04	-9.179135e-04	2.980444e-05	-9.030113e-04	9.328157e-04
43350         	4.043522e+01	2.021790e+01	2.021732e+01	1.153618e-02	8.799574e-03	2.736609e-03	3.031482e-03	2.909029e-04	-9.189085e-04	2.483737e-05	-9.064899e-04	9.313272e-04
43500         	4.043000e+01	2.021529e+01	2.021471e+01	1.154525e-02	8.804511e-03	2.740741e-03	3.031885e-03	2.907890e-04	-9.199004e-04	2.447498e-05	-9.076629e-04	9.321379e-04
43650         	4.042484e+01	2.021271e+01	2.021213e+01	1.154972e-02	8.807152e-03	2.742570e-03	3.032291e-03	2.906744e-04	-9.208896e-04	2.195985e-05	-9.099097e-04	9.318695e-04
43800         	4.041975e+01	2.021016e+01	2.020958e+01	1.155046e-02	8.807925e-03	2.742531e-03	3.032697e-03	2.905592e-04	-9.218765e-04	1.623488e-05	-9.137590e-04	9.299939e-04
43950         	4.041471e+01	2.020765e+01	2.020707e+01	1.155516e-02	8.810684e-03	2.744475e-03	3.033105e-03	2.904421e-04	-9.228590e-04	1.678677e-05	-9.144656e-04	9.312524e-04
44100         	4.040977e+01	2.020517e+01	2.020459e+01	1.155544e-02	8.811234e-03	2.744209e-03	3.033513e-03	2.903257e-04	-9.238396e-04	1.833548e-05	-9.146719e-04	9.330074e-04
44250         	4.040487e+01	2.020273e+01	2.020215e+01	1.155897e-02	8.813407e-03	2.745562e-03	3.033923e-03	2.902093e-04	-9.248176e-04	2.605221e-05	-9.117915e-04	9.378437e-04
44400         	4.040005e+01	2.020032e+01	2.019974e+01	1.156092e-02	8.814790e-03	2.746128e-03	3.034331e-03	2.900909e-04	-9.257918e-04	2.205237e-05	-9.147656e-04	9.368180e-04
44550         	4.039529e+01	2.019793e+01	2.019735e+01	1.157206e-02	8.820772e-03	2.751292e-03	3.034740e-03	2.899748e-04	-9.267583e-04	2.841371e-05	-9.125514e-04	9.409651e-04
44700         	4.039059e+01	2.019558e+01	2.019501e+01	1.157234e-02	8.821319e-03	2.751018e-03	3.035151e-03	2.898596e-04	-9.277228e-04	2.471242e-05	-9.153666e-04	9.400790e-04
44850         	4.038596e+01	2.019327e+01	2.019269e+01	1.157150e-02	8.821310e-03	2.750189e-03	3.035560e-03	2.897463e-04	-9.286865e-04	2.410221e-05	-9.166354e-04	9.407376e-04
45000         	4.038138e+01	2.019098e+01	2.019040e+01	1.158062e-02	8.826279e-03	2.754338e-03	3.035970e-03	2.896373e-04	-9.296492e-04	2.256181e-05	-9.183682e-04	9.409301e-04
45150         	4.037687e+01	2.018872e+01	2.018814e+01	1.157774e-02	8.825252e-03	2.752490e-03	3.036381e-03	2.895289e-04	-9.306089e-04	2.012921e-05	-9.205443e-04	9.406735e-04
45300         	4.037242e+01	2.018650e+01	2.018592e+01	1.158455e-02	8.829066e-03	2.755483e-03	3.036792e-03	2.894232e-04	-9.315667e-04	1.025883e-05	-9.264372e-04	9.366961e-04
45450         	4.036803e+01	2.018431e+01	2.018373e+01	1.158617e-02	8.830289e-03	2.755885e-03	3.037202e-03	2.893185e-04	-9.325217e-04	6.820778e-06	-9.291113e-04	9.359321e-04
45600         	4.036370e+01	2.018214e+01	2.018156e+01	1.158502e-02	8.830121e-03	2.754896e-03	3.037612e-03	2.892154e-04	-9.334759e-04	1.155141e-05	-9.277002e-04	9.392516e-04
45750         	4.035943e+01	2.018001e+01	2.017943e+01	1.158927e-02	8.832660e-03	2.756614e-03	3.038023e-03	2.891142e-04	-9.344266e-04	1.089998e-05	-9.289766e-04	9.398766e-04
45900         	4.035523e+01	2.017790e+01	2.017732e+01	1.159415e-02	8.835504e-03	2.758641e-03	3.038431e-03	2.890151e-04	-9.353735e-04	4.159917e-06	-9.332935e-04	9.374534e-04
46050         	4.035107e+01	2.017583e+01	2.017525e+01	1.159613e-02	8.836903e-03	2.759222e-03	3.038841e-03	2.889174e-04	-9.363183e-04	3.941521e-06	-9.343476e-04	9.382891e-04
46200         	4.034698e+01	2.017378e+01	2.017320e+01	1.159753e-02	8.838012e-03	2.759513e-03	3.039250e-03	2.888201e-04	-9.372599e-04	1.504386e-06	-9.365077e-04	9.380121e-04
46350         	4.034295e+01	2.017176e+01	2.017118e+01	1.160218e-02	8.840749e-03	2.761433e-03	3.039658e-03	2.887267e-04	-9.381991e-04	3.846429e-06	-9.362759e-04	9.401223e-04
46500         	4.033897e+01	2.016977e+01	2.016919e+01	1.160513e-02	8.842633e-03	2.762501e-03	3.040066e-03	2.886365e-04	-9.391346e-04	7.387807e-07	-9.387652e-04	9.395040e-04
46650         	4.033504e+01	2.016781e+01	2.016723e+01	1.160899e-02	8.844970e-03	2.764021e-03	3.040474e-03	2.885499e-04	-9.400664e-04	-2.307682e-06	-9.412203e-04	9.389126e-04
46800         	4.033118e+01	2.016588e+01	2.016530e+01	1.160781e-02	8.844787e-03	2.763025e-03	3.040881e-03	2.884663e-04	-9.409962e-04	-3.638173e-06	-9.428153e-04	9.391771e-04
46950         	4.032737e+01	2.016397e+01	2.016340e+01	1.160436e-02	8.843465e-03	2.760893e-03	3.041286e-03	2.883868e-04	-9.419230e-04	-9.518141e-06	-9.466820e-04	9.371639e-04
47100         	4.032361e+01	2.016209e+01	2.016152e+01	1.160539e-02	8.844383e-03	2.761006e-03	3.041688e-03	2.883116e-04	-9.428471e-04	-1.055861e-05	-9.481264e-04	9.375678e-04
47250         	4.031991e+01	2.016024e+01	2.015967e+01	1.161005e-02	8.847117e-03	2.762935e-03	3.042091e-03	2.882430e-04	-9.437678e-04	-1.335221e-05	-9.504439e-04	9.370917e-04
47400         	4.031627e+01	2.015842e+01	2.015784e+01	1.161734e-02	8.851162e-03	2.766174e-03	3.042494e-03	2.881754e-04	-9.446837e-04	-1.564061e-05	-9.525040e-04	9.368634e-04
47550         	4.031268e+01	2.015663e+01	2.015605e+01	1.162136e-02	8.853576e-03	2.767784e-03	3.042896e-03	2.881086e-04	-9.455966e-04	-1.878436e-05	-9.549888e-04	9.362045e-04
47700         	4.030914e+01	2.015486e+01	2.015428e+01	1.161953e-02	8.853067e-03	2.766468e-03	3.043299e-03	2.880393e-04	-9.465087e-04	-1.777830e-05	-9.553979e-04	9.376196e-04
47850         	4.030565e+01	2.015311e+01	2.015254e+01	1.161600e-02	8.851704e-03	2.764296e-03	3.043704e-03	2.879674e-04	-9.474189e-04	-1.170494e-05	-9.532713e-04	9.415664e-04
48000         	4.030221e+01	2.015139e+01	2.015082e+01	1.161182e-02	8.850019e-03	2.761798e-03	3.044110e-03	2.878934e-04	-9.483275e-04	-1.767002e-05	-9.571625e-04	9.394925e-04
48150         	4.029882e+01	2.014970e+01	2.014912e+01	1.161534e-02	8.852188e-03	2.763154e-03	3.044517e-03	2.878166e-04	-9.492319e-04	-1.579877e-05	-9.571313e-04	9.413326e-04
48300         	4.029549e+01	2.014803e+01	2.014746e+01	1.162243e-02	8.856142e-03	2.766292e-03	3.044925e-03	2.877371e-04	-9.501341e-04	-1.545497e-05	-9.578616e-04	9.424066e-04
48450         	4.029221e+01	2.014639e+01	2.014581e+01	1.162490e-02	8.857789e-03	2.767115e-03	3.045337e-03	2.876543e-04	-9.510336e-04	-1.577720e-05	-9.589222e-04	9.431450e-04
48600         	4.028898e+01	2.014478e+01	2.014420e+01	1.162816e-02	8.859831e-03	2.768330e-03	3.045750e-03	2.875702e-04	-9.519324e-04	-1.655909e-05	-9.602119e-04	9.436528e-04
48750         	4.028580e+01	2.014319e+01	2.014261e+01	1.162897e-02	8.860650e-03	2.768320e-03	3.046165e-03	2.874872e-04	-9.528265e-04	-1.584468e-05	-9.607489e-04	9.449042e-04
48900         	4.028267e+01	2.014162e+01	2.014105e+01	1.162674e-02	8.859953e-03	2.766792e-03	3.046580e-03	2.874067e-04	-9.537159e-04	-2.150582e-05	-9.644688e-04	9.429630e-04
49050         	4.027959e+01	2.014008e+01	2.013951e+01	1.163204e-02	8.863016e-03	2.769027e-03	3.046995e-03	2.873280e-04	-9.546004e-04	-2.274387e-05	-9.659723e-04	9.432284e-04
49200         	4.027655e+01	2.013856e+01	2.013799e+01	1.163408e-02	8.864454e-03	2.769626e-03	3.047414e-03	2.872506e-04	-9.554853e-04	-2.307469e-05	-9.670227e-04	9.439480e-04
49350         	4.027357e+01	2.013707e+01	2.013650e+01	1.163146e-02	8.863566e-03	2.767897e-03	3.047835e-03	2.871757e-04	-9.563690e-04	-2.433442e-05	-9.685362e-04	9.442018e-04
49500         	4.027063e+01	2.013560e+01	2.013503e+01	1.163621e-02	8.866362e-03	2.769847e-03	3.048257e-03	2.871031e-04	-9.572513e-04	-2.300591e-05	-9.687542e-04	9.457483e-04
49650         	4.026774e+01	2.013416e+01	2.013358e+01	1.164054e-02	8.868951e-03	2.771588e-03	3.048681e-03	2.870339e-04	-9.581326e-04	-2.356092e-05	-9.699130e-04	9.463521e-04
49800         	4.026489e+01	2.013273e+01	2.013216e+01	1.164464e-02	8.871426e-03	2.773212e-03	3.049107e-03	2.869671e-04	-9.590116e-04	-2.367747e-05	-9.708503e-04	9.471728e-04
49950         	4.026210e+01	2.013134e+01	2.013076e+01	1.164502e-02	8.872045e-03	2.772979e-03	3.049533e-03	2.869023e-04	-9.598886e-04	-2.841046e-05	-9.740939e-04	9.456834e-04
50100         	4.025935e+01	2.012996e+01	2.012939e+01	1.164802e-02	8.873967e-03	2.774049e-03	3.049959e-03	2.868402e-04	-9.607635e-04	-2.573580e-05	-9.736314e-04	9.478956e-04
50250         	4.025666e+01	2.012861e+01	2.012804e+01	1.164666e-02	8.873719e-03	2.772946e-03	3.050387e-03	2.867841e-04	-9.616359e-04	-2.499626e-05	-9.741340e-04	9.491377e-04
50400         	4.025400e+01	2.012729e+01	2.012671e+01	1.164983e-02	8.875730e-03	2.774101e-03	3.050815e-03	2.867337e-04	-9.625084e-04	-2.707816e-05	-9.760475e-04	9.489693e-04
50550         	4.025139e+01	2.012598e+01	2.012541e+01	1.164806e-02	8.875275e-03	2.772787e-03	3.051244e-03	2.866895e-04	-9.633799e-04	-2.673759e-05	-9.767487e-04	9.500111e-04
50700         	4.024882e+01	2.012470e+01	2.012413e+01	1.165452e-02	8.878937e-03	2.775587e-03	3.051675e-03	2.866528e-04	-9.642498e-04	-2.617403e-05	-9.773368e-04	9.511628e-04
50850         	4.024631e+01	2.012344e+01	2.012287e+01	1.164971e-02	8.876961e-03	2.772751e-03	3.052105e-03	2.866207e-04	-9.651186e-04	-3.221679e-05	-9.812270e-04	9.490102e-04
51000         	4.024384e+01	2.012220e+01	2.012163e+01	1.164503e-02	8.875050e-03	2.769980e-03	3.052535e-03	2.865949e-04	-9.659841e-04	-3.036163e-05	-9.811649e-04	9.508033e-04
51150         	4.024140e+01	2.012099e+01	2.012041e+01	1.164896e-02	8.877446e-03	2.771517e-03	3.052964e-03	2.865741e-04	-9.668474e-04	-3.251872e-05	-9.831067e-04	9.505880e-04
51300         	4.023901e+01	2.011979e+01	2.011922e+01	1.164693e-02	8.876858e-03	2.770070e-03	3.053394e-03	2.865576e-04	-9.677071e-04	-3.053640e-05	-9.829753e-04	9.524389e-04
51450         	4.023667e+01	2.011862e+01	2.011805e+01	1.164922e-02	8.878434e-03	2.770784e-03	3.053825e-03	2.865440e-04	-9.685637e-04	-2.837255e-05	-9.827500e-04	9.543775e-04
51600         	4.023437e+01	2.011747e+01	2.011690e+01	1.165196e-02	8.880238e-03	2.771725e-03	3.054257e-03	2.865334e-04	-9.694177e-04	-2.763642e-05	-9.832359e-04	9.555995e-04
51750         	4.023211e+01	2.011634e+01	2.011577e+01	1.165416e-02	8.881769e-03	2.772387e-03	3.054691e-03	2.865237e-04	-9.702699e-04	-2.593042e-05	-9.832352e-04	9.573047e-04
51900         	4.022989e+01	2.011523e+01	2.011466e+01	1.165749e-02	8.883872e-03	2.773619e-03	3.055127e-03	2.865152e-04	-9.711189e-04	-2.557715e-05	-9.839075e-04	9.583303e-04
52050         	4.022771e+01	2.011414e+01	2.011357e+01	1.165715e-02	8.884138e-03	2.773008e-03	3.055565e-03	2.865068e-04	-9.719659e-04	-2.288157e-05	-9.834067e-04	9.605251e-04
52200         	4.022557e+01	2.011307e+01	2.011250e+01	1.166113e-02	8.886568e-03	2.774559e-03	3.056005e-03	2.864984e-04	-9.728105e-04	-2.422956e-05	-9.849253e-04	9.606958e-04
52350         	4.022348e+01	2.011203e+01	2.011145e+01	1.166428e-02	8.888587e-03	2.775696e-03	3.056445e-03	2.864896e-04	-9.736522e-04	-2.634666e-05	-9.868256e-04	9.604789e-04
52500         	4.022143e+01	2.011100e+01	2.011043e+01	1.165872e-02	8.886249e-03	2.772475e-03	3.056887e-03	2.864803e-04	-9.744914e-04	-2.757959e-05	-9.882812e-04	9.607016e-04
52650         	4.021941e+01	2.010999e+01	2.010942e+01	1.166226e-02	8.888459e-03	2.773800e-03	3.057329e-03	2.864717e-04	-9.753274e-04	-2.444142e-05	-9.875481e-04	9.631067e-04
52800         	4.021744e+01	2.010901e+01	2.010843e+01	1.165800e-02	8.886772e-03	2.771225e-03	3.057773e-03	2.864641e-04	-9.761605e-04	-2.139855e-05	-9.868598e-04	9.654612e-04
52950         	4.021551e+01	2.010804e+01	2.010747e+01	1.165552e-02	8.885975e-03	2.769541e-03	3.058217e-03	2.864564e-04	-9.769908e-04	-2.310899e-05	-9.885453e-04	9.654364e-04
53100         	4.021361e+01	2.010709e+01	2.010652e+01	1.165482e-02	8.886072e-03	2.768751e-03	3.058661e-03	2.864492e-04	-9.778190e-04	-2.589577e-05	-9.907669e-04	9.648711e-04
53250         	4.021177e+01	2.010617e+01	2.010560e+01	1.165106e-02	8.884633e-03	2.766425e-03	3.059104e-03	2.864412e-04	-9.786437e-04	-2.617761e-05	-9.917325e-04	9.655549e-04
53400         	4.020996e+01	2.010527e+01	2.010469e+01	1.165085e-02	8.884971e-03	2.765877e-03	3.059547e-03	2.864344e-04	-9.794657e-04	-2.557718e-05	-9.922543e-04	9.666771e-04
53550         	4.020818e+01	2.010438e+01	2.010380e+01	1.165666e-02	8.888319e-03	2.768341e-03	3.059989e-03	2.864279e-04	-9.802846e-04	-1.584117e-05	-9.882052e-04	9.723640e-04
53700         	4.020644e+01	2.010351e+01	2.010293e+01	1.165575e-02	8.888304e-03	2.767445e-03	3.060430e-03	2.864206e-04	-9.811014e-04	-1.349787e-05	-9.878504e-04	9.743525e-04
53850         	4.020474e+01	2.010266e+01	2.010208e+01	1.165146e-02	8.886598e-03	2.764859e-03	3.060869e-03	2.864096e-04	-9.819176e-04	-1.235885e-05	-9.880971e-04	9.757382e-04
54000         	4.020308e+01	2.010183e+01	2.010125e+01	1.165585e-02	8.889232e-03	2.766619e-03	3.061306e-03	2.863968e-04	-9.827307e-04	-9.330120e-06	-9.873958e-04	9.780657e-04
54150         	4.020146e+01	2.010101e+01	2.010044e+01	1.165262e-02	8.888054e-03	2.764570e-03	3.061742e-03	2.863833e-04	-9.835426e-04	-8.740763e-06	-9.879129e-04	9.791722e-04
54300         	4.019987e+01	2.010022e+01	2.009965e+01	1.165102e-02	8.887687e-03	2.763337e-03	3.062175e-03	2.863690e-04	-9.843503e-04	-6.947489e-06	-9.878241e-04	9.808766e-04
54450         	4.019832e+01	2.009945e+01	2.009887e+01	1.164756e-02	8.886388e-03	2.761171e-03	3.062608e-03	2.863549e-04	-9.851554e-04	-5.910475e-06	-9.881106e-04	9.822001e-04
54600         	4.019681e+01	2.009869e+01	2.009812e+01	1.164879e-02	8.887436e-03	2.761351e-03	3.063043e-03	2.863436e-04	-9.859538e-04	-6.788325e-06	-9.893479e-04	9.825596e-04
54750         	4.019533e+01	2.009795e+01	2.009738e+01	1.164544e-02	8.886201e-03	2.759243e-03	3.063479e-03	2.863355e-04	-9.867438e-04	-4.328396e-06	-9.889080e-04	9.845796e-04
54900         	4.019389e+01	2.009723e+01	2.009666e+01	1.164949e-02	8.888663e-03	2.760832e-03	3.063916e-03	2.863306e-04	-9.875277e-04	-6.099289e-06	-9.905774e-04	9.844781e-04
55050         	4.019248e+01	2.009653e+01	2.009595e+01	1.165016e-02	8.889431e-03	2.760724e-03	3.064353e-03	2.863282e-04	-9.883061e-04	-4.670702e-06	-9.906415e-04	9.859708e-04
55200         	4.019111e+01	2.009584e+01	2.009527e+01	1.164562e-02	8.887599e-03	2.758017e-03	3.064791e-03	2.863299e-04	-9.890791e-04	-2.963206e-06	-9.905607e-04	9.875975e-04
55350         	4.018978e+01	2.009518e+01	2.009460e+01	1.164368e-02	8.887069e-03	2.756608e-03	3.065230e-03	2.863340e-04	-9.898480e-04	-2.784865e-06	-9.912404e-04	9.884556e-04
55500         	4.018848e+01	2.009453e+01	2.009395e+01	1.164151e-02	8.886424e-03	2.755084e-03	3.065670e-03	2.863409e-04	-9.906128e-04	-2.837430e-06	-9.920315e-04	9.891941e-04
55650         	4.018721e+01	2.009389e+01	2.009332e+01	1.164422e-02	8.888223e-03	2.756000e-03	3.066111e-03	2.863497e-04	-9.913738e-04	-4.154809e-06	-9.934512e-04	9.892964e-04
55800         	4.018599e+01	2.009328e+01	2.009271e+01	1.164267e-02	8.887891e-03	2.754783e-03	3.066554e-03	2.863612e-04	-9.921303e-04	-4.745807e-06	-9.945032e-04	9.897574e-04
55950         	4.018479e+01	2.009268e+01	2.009211e+01	1.164330e-02	8.888649e-03	2.754655e-03	3.066997e-03	2.863757e-04	-9.928829e-04	-4.262233e-06	-9.950140e-04	9.907517e-04
56100         	4.018363e+01	2.009210e+01	2.009153e+01	1.164340e-02	8.889138e-03	2.754257e-03	3.067441e-03	2.863912e-04	-9.936297e-04	-1.938762e-06	-9.945991e-04	9.926603e-04
56250         	4.018250e+01	2.009154e+01	2.009096e+01	1.163749e-02	8.886628e-03	2.750859e-03	3.067885e-03	2.864047e-04	-9.943726e-04	-2.593443e-06	-9.956694e-04	9.930759e-04
56400         	4.018140e+01	2.009099e+01	2.009041e+01	1.163227e-02	8.884463e-03	2.747811e-03	3.068326e-03	2.864183e-04	-9.951094e-04	-2.880690e-06	-9.965498e-04	9.936691e-04
56550         	4.018034e+01	2.009045e+01	2.008988e+01	1.163036e-02	8.883950e-03	2.746415e-03	3.068768e-03	2.864295e-04	-9.958414e-04	-9.719657e-07	-9.963274e-04	9.953554e-04
56700         	4.017931e+01	2.008994e+01	2.008937e+01	1.163339e-02	8.885904e-03	2.747486e-03	3.069209e-03	2.864383e-04	-9.965685e-04	-3.223302e-06	-9.981801e-04	9.949568e-04
56850         	4.017831e+01	2.008944e+01	2.008887e+01	1.163926e-02	8.889280e-03	2.749976e-03	3.069652e-03	2.864435e-04	-9.972906e-04	1.479267e-06	-9.965510e-04	9.980303e-04
57000         	4.017735e+01	2.008896e+01	2.008839e+01	1.163813e-02	8.889164e-03	2.748969e-03	3.070098e-03	2.864426e-04	-9.980106e-04	1.844454e-06	-9.970884e-04	9.989329e-04
57150         	4.017642e+01	2.008850e+01	2.008792e+01	1.163510e-02	8.888095e-03	2.747005e-03	3.070545e-03	2.864367e-04	-9.987272e-04	5.206197e-06	-9.961241e-04	1.001330e-03
57300         	4.017552e+01	2.008805e+01	2.008747e+01	1.163892e-02	8.890452e-03	2.748465e-03	3.070994e-03	2.864273e-04	-9.994405e-04	7.179407e-06	-9.958508e-04	1.003030e-03
57450         	4.017465e+01	2.008761e+01	2.008704e+01	1.164431e-02	8.893601e-03	2.750711e-03	3.071445e-03	2.864126e-04	-1.000151e-03	1.534029e-05	-9.924806e-04	1.007821e-03
57600         	4.017381e+01	2.008719e+01	2.008662e+01	1.164659e-02	8.895196e-03	2.751399e-03	3.071899e-03	2.863955e-04	-1.000859e-03	1.190248e-05	-9.949078e-04	1.006810e-03
57750         	4.017299e+01	2.008678e+01	2.008621e+01	1.163913e-02	8.891920e-03	2.747211e-03	3.072354e-03	2.863769e-04	-1.001563e-03	1.053063e-05	-9.962976e-04	1.006828e-03
57900         	4.017222e+01	2.008640e+01	2.008582e+01	1.164821e-02	8.896914e-03	2.751295e-03	3.072809e-03	2.863584e-04	-1.002265e-03	1.712002e-05	-9.937052e-04	1.010825e-03
58050         	4.017148e+01	2.008603e+01	2.008545e+01	1.164649e-02	8.896515e-03	2.749976e-03	3.073269e-03	2.863390e-04	-1.002965e-03	1.540149e-05	-9.952640e-04	1.010665e-03
58200         	4.017077e+01	2.008567e+01	2.008510e+01	1.164676e-02	8.897111e-03	2.749650e-03	3.073731e-03	2.863193e-04	-1.003661e-03	1.352809e-05	-9.968965e-04	1.010425e-03
58350         	4.017009e+01	2.008533e+01	2.008476e+01	1.164835e-02	8.898368e-03	2.749980e-03	3.074194e-03	2.863010e-04	-1.004354e-03	9.140558e-06	-9.997838e-04	1.008924e-03
58500         	4.016943e+01	2.008500e+01	2.008443e+01	1.164724e-02	8.898279e-03	2.748964e-03	3.074658e-03	2.862849e-04	-1.005045e-03	1.091075e-05	-9.995897e-04	1.010500e-03
58650         	4.016881e+01	2.008469e+01	2.008412e+01	1.164856e-02	8.899398e-03	2.749159e-03	3.075120e-03	2.862707e-04	-1.005733e-03	1.477223e-05	-9.983471e-04	1.013119e-03
58800         	4.016821e+01	2.008439e+01	2.008382e+01	1.165105e-02	8.901105e-03	2.749947e-03	3.075579e-03	2.862621e-04	-1.006416e-03	1.430063e-05	-9.992654e-04	1.013566e-03
58950         	4.016765e+01	2.008411e+01	2.008354e+01	1.165065e-02	8.901362e-03	2.749289e-03	3.076037e-03	2.862530e-04	-1.007093e-03	1.713971e-05	-9.985235e-04	1.015663e-03
59100         	4.016711e+01	2.008384e+01	2.008327e+01	1.165417e-02	8.903577e-03	2.750594e-03	3.076492e-03	2.862473e-04	-1.007766e-03	1.264753e-05	-1.001443e-03	1.014090e-03
59250         	4.016662e+01	2.008360e+01	2.008302e+01	1.165157e-02	8.902728e-03	2.748838e-03	3.076945e-03	2.862426e-04	-1.008431e-03	2.176395e-05	-9.975494e-04	1.019313e-03
59400         	4.016615e+01	2.008336e+01	2.008279e+01	1.165079e-02	8.902790e-03	2.747998e-03	3.077396e-03	2.862369e-04	-1.009094e-03	2.268013e-05	-9.977536e-04	1.020434e-03
59550         	4.016570e+01	2.008313e+01	2.008256e+01	1.165242e-02	8.904056e-03	2.748362e-03	3.077847e-03	2.862312e-04	-1.009750e-03	2.193221e-05	-9.987836e-04	1.020716e-03
59700         	4.016528e+01	2.008293e+01	2.008236e+01	1.165327e-02	8.904934e-03	2.748339e-03	3.078298e-03	2.862247e-04	-1.010402e-03	1.683484e-05	-1.001985e-03	1.018820e-03
59850         	4.016490e+01	2.008273e+01	2.008216e+01	1.165140e-02	8.904451e-03	2.746944e-03	3.078753e-03	2.862182e-04	-1.011055e-03	1.694349e-05	-1.002584e-03	1.019527e-03
60000         	4.016453e+01	2.008255e+01	2.008198e+01	1.165344e-02	8.905935e-03	2.747509e-03	3.079213e-03	2.862114e-04	-1.011709e-03	1.891755e-05	-1.002250e-03	1.021168e-03
60150         	4.016420e+01	2.008239e+01	2.008181e+01	1.165404e-02	8.906695e-03	2.747344e-03	3.079675e-03	2.862048e-04	-1.012362e-03	2.038299e-05	-1.002171e-03	1.022554e-03
60300         	4.016390e+01	2.008224e+01	2.008166e+01	1.165559e-02	8.907937e-03	2.747655e-03	3.080141e-03	2.861988e-04	-1.013014e-03	2.304388e-05	-1.001493e-03	1.024536e-03
60450         	4.016362e+01	2.008210e+01	2.008153e+01	1.165925e-02	8.910236e-03	2.749018e-03	3.080609e-03	2.861928e-04	-1.013666e-03	2.499960e-05	-1.001166e-03	1.026166e-03
60600         	4.016338e+01	2.008197e+01	2.008140e+01	1.165577e-02	8.908963e-03	2.746803e-03	3.081080e-03	2.861880e-04	-1.014316e-03	2.512623e-05	-1.001753e-03	1.026879e-03
60750         	4.016315e+01	2.008186e+01	2.008129e+01	1.165727e-02	8.910186e-03	2.747085e-03	3.081551e-03	2.861828e-04	-1.014964e-03	2.719660e-05	-1.001365e-03	1.028562e-03
60900         	4.016296e+01	2.008176e+01	2.008119e+01	1.165552e-02	8.909785e-03	2.745739e-03	3.082023e-03	2.861777e-04	-1.015609e-03	2.606000e-05	-1.002579e-03	1.028639e-03
61050         	4.016279e+01	2.008168e+01	2.008111e+01	1.165628e-02	8.910637e-03	2.745645e-03	3.082496e-03	2.861738e-04	-1.016251e-03	3.086479e-05	-1.000819e-03	1.031684e-03
61200         	4.016265e+01	2.008161e+01	2.008104e+01	1.165539e-02	8.910667e-03	2.744724e-03	3.082972e-03	2.861722e-04	-1.016890e-03	2.878376e-05	-1.002498e-03	1.031282e-03
61350         	4.016254e+01	2.008155e+01	2.008098e+01	1.166074e-02	8.913815e-03	2.746920e-03	3.083447e-03	2.861728e-04	-1.017524e-03	2.677124e-05	-1.004138e-03	1.030909e-03
61500         	4.016244e+01	2.008151e+01	2.008094e+01	1.166220e-02	8.915023e-03	2.747176e-03	3.083924e-03	2.861757e-04	-1.018153e-03	2.526138e-05	-1.005523e-03	1.030784e-03
61650         	4.016238e+01	2.008148e+01	2.008091e+01	1.166553e-02	8.917164e-03	2.748362e-03	3.084401e-03	2.861795e-04	-1.018779e-03	2.464482e-05	-1.006456e-03	1.031101e-03
61800         	4.016235e+01	2.008146e+01	2.008089e+01	1.166507e-02	8.917411e-03	2.747655e-03	3.084878e-03	2.861845e-04	-1.019399e-03	2.578606e-05	-1.006506e-03	1.032292e-03
61950         	4.016234e+01	2.008145e+01	2.008088e+01	1.166602e-02	8.918367e-03	2.747655e-03	3.085356e-03	2.861909e-04	-1.020016e-03	2.873310e-05	-1.005650e-03	1.034383e-03
62100         	4.016235e+01	2.008146e+01	2.008089e+01	1.166464e-02	8.918156e-03	2.746489e-03	3.085834e-03	2.861963e-04	-1.020630e-03	2.688362e-05	-1.007188e-03	1.034071e-03
62250         	4.016239e+01	2.008148e+01	2.008091e+01	1.166684e-02	8.919734e-03	2.747110e-03	3.086312e-03	2.861996e-04	-1.021238e-03	3.194235e-05	-1.005267e-03	1.037210e-03
62400         	4.016246e+01	2.008152e+01	2.008094e+01	1.166555e-02	8.919565e-03	2.745983e-03	3.086791e-03	2.862005e-04	-1.021843e-03	3.114233e-05	-1.006272e-03	1.037414e-03
62550         	4.016255e+01	2.008156e+01	2.008099e+01	1.167018e-02	8.922359e-03	2.747816e-03	3.087272e-03	2.861992e-04	-1.022443e-03	3.438863e-05	-1.005249e-03	1.039638e-03
62700         	4.016266e+01	2.008162e+01	2.008105e+01	1.167046e-02	8.922980e-03	2.747475e-03	3.087752e-03	2.861951e-04	-1.023039e-03	3.380006e-05	-1.006139e-03	1.039939e-03
62850         	4.016280e+01	2.008169e+01	2.008112e+01	1.167242e-02	8.924444e-03	2.747977e-03	3.088234e-03	2.861894e-04	-1.023631e-03	3.611115e-05	-1.005575e-03	1.041687e-03
63000         	4.016297e+01	2.008177e+01	2.008120e+01	1.167417e-02	8.925798e-03	2.748367e-03	3.088716e-03	2.861821e-04	-1.024219e-03	3.829754e-05	-1.005070e-03	1.043368e-03
63150         	4.016332e+01	2.008194e+01	2.008137e+01	1.168087e-02	8.929638e-03	2.751228e-03	3.089205e-03	2.861720e-04	-1.024807e-03	4.341955e-05	-1.003097e-03	1.046517e-03
63300         	4.016337e+01	2.008197e+01	2.008140e+01	1.167568e-02	8.927520e-03	2.748156e-03	3.089682e-03	2.861627e-04	-1.025385e-03	4.432119e-05	-1.003225e-03	1.047546e-03
63450         	4.016371e+01	2.008214e+01	2.008157e+01	1.168419e-02	8.932261e-03	2.751925e-03	3.090168e-03	2.861498e-04	-1.025964e-03	4.173482e-05	-1.005097e-03	1.046832e-03
63600         	4.016390e+01	2.008223e+01	2.008166e+01	1.167828e-02	8.929791e-03	2.748492e-03	3.090649e-03	2.861343e-04	-1.026538e-03	4.623384e-05	-1.003421e-03	1.049655e-03
63750         	4.016423e+01	2.008240e+01	2.008183e+01	1.168718e-02	8.934726e-03	2.752452e-03	3.091137e-03	2.861161e-04	-1.027110e-03	4.069979e-05	-1.006760e-03	1.047460e-03
63900         	4.016450e+01	2.008254e+01	2.008197e+01	1.168213e-02	8.932689e-03	2.749446e-03	3.091621e-03	2.860940e-04	-1.027678e-03	4.509079e-05	-1.005133e-03	1.050224e-03
